0.000000000000000000e+00 3.759910000000000085e+00
6.000000000000000000e+00 3.819910000000000139e+00
1.200000000000000000e+01 3.879910000000000192e+00
1.800000000000000000e+01 3.939909999999999801e+00
2.400000000000000000e+01 3.999909999999999854e+00
3.000000000000000000e+01 4.059910000000000352e+00
3.600000000000000000e+01 4.119909999999999961e+00
4.200000000000000000e+01 4.179909999999999570e+00
4.800000000000000000e+01 4.239910000000000068e+00
5.400000000000000000e+01 4.299909999999999677e+00
6.000000000000000000e+01 4.359910000000000174e+00
6.600000000000000000e+01 4.419909999999999783e+00
7.200000000000000000e+01 4.479910000000000281e+00
7.800000000000000000e+01 4.539909999999999890e+00
8.400000000000000000e+01 4.599910000000000387e+00
9.000000000000000000e+01 4.659909999999999997e+00
9.600000000000000000e+01 4.719909999999999606e+00
1.020000000000000000e+02 4.779910000000000103e+00
1.080000000000000000e+02 4.839909999999999712e+00
1.140000000000000000e+02 4.899910000000000210e+00
1.200000000000000000e+02 4.959909999999999819e+00
1.260000000000000000e+02 5.019910000000000316e+00
1.320000000000000000e+02 5.079909999999999926e+00
1.380000000000000000e+02 5.139910000000000423e+00
1.440000000000000000e+02 5.199910000000000032e+00
1.500000000000000000e+02 5.259909999999999641e+00
1.560000000000000000e+02 5.319910000000000139e+00
1.620000000000000000e+02 5.379909999999999748e+00
1.680000000000000000e+02 5.439910000000000245e+00
1.740000000000000000e+02 5.499909999999999854e+00
1.800000000000000000e+02 5.559910000000000352e+00
1.860000000000000000e+02 5.619909999999999961e+00
1.920000000000000000e+02 5.679909999999999570e+00
1.980000000000000000e+02 5.739910000000000068e+00
2.040000000000000000e+02 5.799909999999999677e+00
2.100000000000000000e+02 5.859910000000000174e+00
2.160000000000000000e+02 5.919909999999999783e+00
2.220000000000000000e+02 5.979910000000000281e+00
2.280000000000000000e+02 6.039909999999999890e+00
2.340000000000000000e+02 6.099910000000000387e+00
2.400000000000000000e+02 6.159909999999999997e+00
2.460000000000000000e+02 6.219909999999999606e+00
2.520000000000000000e+02 6.279910000000000103e+00
2.580000000000000000e+02 6.339909999999999712e+00
2.640000000000000000e+02 6.399910000000000210e+00
2.700000000000000000e+02 6.459909999999999819e+00
2.760000000000000000e+02 6.519910000000000316e+00
2.820000000000000000e+02 6.579909999999999926e+00
2.880000000000000000e+02 6.639910000000000423e+00
2.940000000000000000e+02 6.699910000000000032e+00
3.000000000000000000e+02 6.759909999999999641e+00
3.060000000000000000e+02 6.819910000000000139e+00
3.120000000000000000e+02 6.879909999999999748e+00
3.180000000000000000e+02 6.939910000000000245e+00
3.200000000000000000e+02 6.959909999999999819e+00
