0.000000000000000000e+00 3.353180000000000049e-02
1.000000000000000000e+01 3.954160000000000313e-02
2.000000000000000000e+01 3.862009999999999749e-02
3.000000000000000000e+01 3.956749999999999851e-02
4.000000000000000000e+01 3.932999999999999691e-02
5.000000000000000000e+01 3.999380000000000296e-02
6.000000000000000000e+01 3.985120000000000329e-02
7.000000000000000000e+01 3.949239999999999695e-02
8.000000000000000000e+01 4.018850000000000200e-02
9.000000000000000000e+01 4.003639999999999977e-02
1.000000000000000000e+02 3.940439999999999915e-02
