0.000000e+00 2.343699999999999950e-02
1.000000e+01 3.334820000000000145e-02
2.000000e+01 3.314999999999999891e-02
3.000000e+01 3.328099999999999808e-02
4.000000e+01 3.352940000000000087e-02
5.000000e+01 3.367330000000000323e-02
6.000000e+01 3.390959999999999808e-02
7.000000e+01 3.435719999999999746e-02
8.000000e+01 3.433510000000000034e-02
9.000000e+01 3.428790000000000310e-02
1.000000e+02 3.353180000000000049e-02
1.100000e+02 3.954160000000000313e-02
1.200000e+02 3.862009999999999749e-02
1.300000e+02 3.956749999999999851e-02
1.400000e+02 3.932999999999999691e-02
1.500000e+02 3.999380000000000296e-02
1.600000e+02 3.985120000000000329e-02
1.700000e+02 3.949239999999999695e-02
1.800000e+02 4.018850000000000200e-02
1.900000e+02 4.003639999999999977e-02
2.000000e+02 3.940520000000000134e-02
2.100000e+02 4.406310000000000088e-02
2.200000e+02 4.515829999999999844e-02
2.300000e+02 4.491420000000000134e-02
2.400000e+02 4.441699999999999815e-02
2.500000e+02 4.570590000000000069e-02
2.600000e+02 4.505119999999999958e-02
2.700000e+02 4.514830000000000232e-02
2.800000e+02 4.575780000000000125e-02
2.900000e+02 4.596150000000000235e-02
3.000000e+02 4.587390000000000218e-02
3.100000e+02 5.469999999999999862e-02
3.200000e+02 5.374489999999999823e-02
3.300000e+02 5.442650000000000265e-02
3.400000e+02 5.285780000000000339e-02
3.500000e+02 5.414850000000000219e-02
3.600000e+02 5.611010000000000303e-02
3.700000e+02 5.303569999999999812e-02
3.800000e+02 5.523779999999999663e-02
3.900000e+02 5.569960000000000189e-02
4.000000e+02 5.491000000000000048e-02
4.100000e+02 5.442299999999999915e-02
4.200000e+02 5.557139999999999996e-02
4.300000e+02 5.465330000000000188e-02
4.400000e+02 5.447579999999999784e-02
4.500000e+02 5.603059999999999985e-02
4.600000e+02 5.474009999999999987e-02
4.700000e+02 5.449500000000000177e-02
4.800000e+02 5.520080000000000126e-02
4.900000e+02 5.401849999999999707e-02
5.000000e+02 5.583219999999999850e-02
