0.000000000000000000e+00 4.587390000000000218e-02
1.000000000000000000e+01 5.469999999999999862e-02
2.000000000000000000e+01 5.374489999999999823e-02
3.000000000000000000e+01 5.442650000000000265e-02
4.000000000000000000e+01 5.285780000000000339e-02
5.000000000000000000e+01 5.414850000000000219e-02
6.000000000000000000e+01 5.611010000000000303e-02
7.000000000000000000e+01 5.303569999999999812e-02
8.000000000000000000e+01 5.523779999999999663e-02
9.000000000000000000e+01 5.569960000000000189e-02
1.000000000000000000e+02 5.491000000000000048e-02
1.100000000000000000e+02 5.442299999999999915e-02
1.200000000000000000e+02 5.557139999999999996e-02
1.300000000000000000e+02 5.465330000000000188e-02
1.400000000000000000e+02 5.447579999999999784e-02
1.500000000000000000e+02 5.603059999999999985e-02
1.600000000000000000e+02 5.474009999999999987e-02
1.700000000000000000e+02 5.449500000000000177e-02
1.800000000000000000e+02 5.520080000000000126e-02
1.900000000000000000e+02 5.401849999999999707e-02
2.000000000000000000e+02 5.583219999999999850e-02
