0.000000000000000000e+00 3.940520000000000134e-02
1.000000000000000000e+01 4.406310000000000088e-02
2.000000000000000000e+01 4.515829999999999844e-02
3.000000000000000000e+01 4.491420000000000134e-02
4.000000000000000000e+01 4.441699999999999815e-02
5.000000000000000000e+01 4.570590000000000069e-02
6.000000000000000000e+01 4.505119999999999958e-02
7.000000000000000000e+01 4.514830000000000232e-02
8.000000000000000000e+01 4.575780000000000125e-02
9.000000000000000000e+01 4.596150000000000235e-02
1.000000000000000000e+02 4.587390000000000218e-02
