0.000000000000000000e+00 2.343699999999999950e-02
1.000000000000000000e+01 3.334820000000000145e-02
2.000000000000000000e+01 3.314999999999999891e-02
3.000000000000000000e+01 3.328099999999999808e-02
4.000000000000000000e+01 3.352940000000000087e-02
5.000000000000000000e+01 3.367330000000000323e-02
6.000000000000000000e+01 3.390959999999999808e-02
7.000000000000000000e+01 3.435719999999999746e-02
8.000000000000000000e+01 3.433510000000000034e-02
9.000000000000000000e+01 3.428790000000000310e-02
1.000000000000000000e+02 3.353180000000000049e-02
