0.000000000000000000e+00 1.146000000000000000e+03 3.528000000000000000e+03
6.000000000000000000e+00 1.156000000000000000e+03 3.422000000000000000e+03
1.200000000000000000e+01 1.138000000000000000e+03 3.350000000000000000e+03
1.800000000000000000e+01 1.119000000000000000e+03 3.322000000000000000e+03
2.400000000000000000e+01 1.069000000000000000e+03 3.306000000000000000e+03
3.000000000000000000e+01 1.105000000000000000e+03 3.381000000000000000e+03
3.600000000000000000e+01 1.087000000000000000e+03 3.333000000000000000e+03
4.200000000000000000e+01 1.045000000000000000e+03 3.257000000000000000e+03
4.800000000000000000e+01 1.045000000000000000e+03 3.298000000000000000e+03
5.400000000000000000e+01 1.023000000000000000e+03 3.310000000000000000e+03
6.000000000000000000e+01 1.027000000000000000e+03 3.275000000000000000e+03
6.600000000000000000e+01 1.021000000000000000e+03 3.307000000000000000e+03
7.200000000000000000e+01 1.031000000000000000e+03 3.289000000000000000e+03
7.800000000000000000e+01 1.013000000000000000e+03 3.324000000000000000e+03
8.400000000000000000e+01 1.007000000000000000e+03 3.316000000000000000e+03
9.000000000000000000e+01 1.034000000000000000e+03 3.300000000000000000e+03
9.600000000000000000e+01 1.016000000000000000e+03 3.313000000000000000e+03
1.020000000000000000e+02 1.039000000000000000e+03 3.295000000000000000e+03
1.080000000000000000e+02 1.016000000000000000e+03 3.313000000000000000e+03
1.140000000000000000e+02 1.029000000000000000e+03 3.305000000000000000e+03
1.200000000000000000e+02 1.037000000000000000e+03 3.287000000000000000e+03
1.260000000000000000e+02 1.031000000000000000e+03 3.300000000000000000e+03
1.320000000000000000e+02 1.012000000000000000e+03 3.315000000000000000e+03
1.380000000000000000e+02 1.028000000000000000e+03 3.319000000000000000e+03
1.440000000000000000e+02 1.029000000000000000e+03 3.272000000000000000e+03
1.500000000000000000e+02 1.033000000000000000e+03 3.263000000000000000e+03
1.560000000000000000e+02 1.037000000000000000e+03 3.287000000000000000e+03
1.620000000000000000e+02 1.043000000000000000e+03 3.291000000000000000e+03
1.680000000000000000e+02 1.043000000000000000e+03 3.273000000000000000e+03
1.740000000000000000e+02 1.037000000000000000e+03 3.270000000000000000e+03
1.800000000000000000e+02 1.026000000000000000e+03 3.321000000000000000e+03
1.860000000000000000e+02 1.034000000000000000e+03 3.258000000000000000e+03
1.920000000000000000e+02 1.032000000000000000e+03 3.270000000000000000e+03
1.980000000000000000e+02 1.036000000000000000e+03 3.284000000000000000e+03
2.040000000000000000e+02 1.034000000000000000e+03 3.284000000000000000e+03
2.100000000000000000e+02 1.027000000000000000e+03 3.278000000000000000e+03
2.160000000000000000e+02 1.024000000000000000e+03 3.309000000000000000e+03
2.220000000000000000e+02 1.040000000000000000e+03 3.324000000000000000e+03
2.280000000000000000e+02 1.030000000000000000e+03 3.283000000000000000e+03
2.340000000000000000e+02 1.041000000000000000e+03 3.271000000000000000e+03
2.400000000000000000e+02 1.040000000000000000e+03 3.271000000000000000e+03
2.460000000000000000e+02 1.050000000000000000e+03 3.247000000000000000e+03
2.520000000000000000e+02 1.045000000000000000e+03 3.292000000000000000e+03
2.580000000000000000e+02 1.037000000000000000e+03 3.281000000000000000e+03
2.640000000000000000e+02 1.036000000000000000e+03 3.285000000000000000e+03
2.700000000000000000e+02 1.028000000000000000e+03 3.278000000000000000e+03
2.760000000000000000e+02 1.043000000000000000e+03 3.269000000000000000e+03
2.820000000000000000e+02 1.033000000000000000e+03 3.287000000000000000e+03
2.880000000000000000e+02 1.032000000000000000e+03 3.282000000000000000e+03
2.940000000000000000e+02 1.036000000000000000e+03 3.262000000000000000e+03
3.000000000000000000e+02 1.034000000000000000e+03 3.265000000000000000e+03
3.060000000000000000e+02 1.026000000000000000e+03 3.308000000000000000e+03
3.120000000000000000e+02 1.033000000000000000e+03 3.283000000000000000e+03
3.180000000000000000e+02 1.027000000000000000e+03 3.294000000000000000e+03
