0.000000000000000000e+00 8.839026490000000125e-02
6.000000000000000000e+00 2.222708160500000141e-01
1.200000000000000000e+01 3.372240824333334053e-01
1.800000000000000000e+01 5.923295084666667654e-01
2.400000000000000000e+01 5.199283488000000508e-01
3.000000000000000000e+01 5.699141723666667492e-01
3.600000000000000000e+01 5.974780069999999776e-01
4.200000000000000000e+01 8.247082682333334303e-01
4.800000000000000000e+01 8.610742513333334847e-01
5.400000000000000000e+01 5.896863769666667032e-01
6.000000000000000000e+01 3.124367101000000146e-01
6.600000000000000000e+01 5.246394396666666932e-02
7.200000000000000000e+01 7.565745796666667466e-02
7.800000000000000000e+01 8.746900226666666500e-02
8.400000000000000000e+01 9.032620850000000479e-02
9.000000000000000000e+01 4.079888713333332945e-02
9.600000000000000000e+01 6.115222983333332835e-02
1.020000000000000000e+02 3.215669250000000035e-02
1.080000000000000000e+02 2.712060953333332927e-02
1.140000000000000000e+02 3.249238686666666709e-02
1.200000000000000000e+02 5.974306333333333913e-02
1.260000000000000000e+02 6.410313516666667211e-02
1.320000000000000000e+02 5.132346190000000585e-02
1.380000000000000000e+02 4.594662476666666606e-02
1.440000000000000000e+02 -6.597532133333333659e-03
1.500000000000000000e+02 1.494038699999999942e-02
1.560000000000000000e+02 1.385096743333333151e-02
1.620000000000000000e+02 8.976488266666665661e-03
1.680000000000000000e+02 -1.841429443333333568e-02
1.740000000000000000e+02 -9.698226933333336727e-03
1.800000000000000000e+02 4.100634459999999426e-02
1.860000000000000000e+02 5.898364266666661533e-03
1.920000000000000000e+02 -2.497825520000000396e-02
1.980000000000000000e+02 -2.401400603333334050e-02
2.040000000000000000e+02 -3.656446380000000218e-02
2.100000000000000000e+02 -2.213961026666666845e-02
2.160000000000000000e+02 5.448161000000025780e-04
2.220000000000000000e+02 3.380490393333333843e-02
2.280000000000000000e+02 3.348285840000000263e-02
2.340000000000000000e+02 1.997856150000000205e-02
2.400000000000000000e+02 6.859995900000003151e-03
2.460000000000000000e+02 -3.298675666666642942e-04
2.520000000000000000e+02 -2.671050999999979858e-04
2.580000000000000000e+02 -8.089637266666666396e-03
2.640000000000000000e+02 3.066662596666666629e-02
2.700000000000000000e+02 -1.327265626666666691e-02
2.760000000000000000e+02 -7.471534233333329382e-03
2.820000000000000000e+02 -9.347907533333333144e-03
2.880000000000000000e+02 -2.105254416666666253e-02
2.940000000000000000e+02 -2.464565633333333158e-02
3.000000000000000000e+02 -3.288688963333333271e-02
3.060000000000000000e+02 -3.214824623333332326e-02
3.120000000000000000e+02 2.313037923333334522e-02
3.180000000000000000e+02 -3.362623899999999527e-02
3.200000000000000000e+02 -3.393152873333332709e-02
