0.000000000000000000e+00 0.000000000000000000e+00
6.000000000000000000e+00 0.000000000000000000e+00
1.200000000000000000e+01 3.546959624831469253e-03
1.800000000000000000e+01 1.106476670399021527e-02
2.400000000000000000e+01 2.230097484381263206e-02
3.000000000000000000e+01 3.298499711056906286e-02
3.600000000000000000e+01 3.809591331880280568e-02
4.200000000000000000e+01 5.396261773819040208e-02
4.800000000000000000e+01 6.842744488671247127e-02
5.400000000000000000e+01 8.079910462058915999e-02
6.000000000000000000e+01 8.930997553066406802e-02
6.600000000000000000e+01 8.773551215002464709e-02
7.200000000000000000e+01 8.776240325991824243e-02
7.800000000000000000e+01 8.968117353181305484e-02
8.400000000000000000e+01 9.182201401815449915e-02
9.000000000000000000e+01 9.151074678276854835e-02
9.600000000000000000e+01 9.234927157232467043e-02
1.020000000000000000e+02 9.317650843451019682e-02
1.080000000000000000e+02 9.381363189517814838e-02
1.140000000000000000e+02 9.309629406288960629e-02
1.200000000000000000e+02 9.411313170049263876e-02
1.260000000000000000e+02 9.566937790213043968e-02
1.320000000000000000e+02 9.633610045719159798e-02
1.380000000000000000e+02 9.714593074834218522e-02
1.440000000000000000e+02 9.798564698516701310e-02
1.500000000000000000e+02 9.757482499368318185e-02
1.560000000000000000e+02 9.714127436188613185e-02
1.620000000000000000e+02 9.983485838809955104e-02
1.680000000000000000e+02 9.911491950791359584e-02
1.740000000000000000e+02 9.744971777037200744e-02
1.800000000000000000e+02 9.848383613597117003e-02
1.860000000000000000e+02 9.900338075539026617e-02
1.920000000000000000e+02 9.875542077270450803e-02
1.980000000000000000e+02 9.765175038551436593e-02
2.040000000000000000e+02 9.750453179969714723e-02
2.100000000000000000e+02 9.745053905439207687e-02
2.160000000000000000e+02 9.642930840166367978e-02
2.220000000000000000e+02 9.757092050394804150e-02
2.280000000000000000e+02 9.855645808051240186e-02
2.340000000000000000e+02 9.814364476702881757e-02
2.400000000000000000e+02 9.854702505698256787e-02
2.460000000000000000e+02 9.907487833113008679e-02
2.520000000000000000e+02 9.851001167408245107e-02
2.580000000000000000e+02 9.882268200834577743e-02
2.640000000000000000e+02 9.899147454859275053e-02
2.700000000000000000e+02 9.834794195871693345e-02
2.760000000000000000e+02 9.896711077977912718e-02
2.820000000000000000e+02 9.694995344941749471e-02
2.880000000000000000e+02 9.723126936735169978e-02
2.940000000000000000e+02 9.813163555563812757e-02
3.000000000000000000e+02 9.642142889829793950e-02
3.060000000000000000e+02 9.674842451601219084e-02
3.120000000000000000e+02 9.681713270570289909e-02
3.180000000000000000e+02 9.531379577489870747e-02
3.200000000000000000e+02 9.599190646438331143e-02
