0.000000000000000000e+00 -1.649786328100000173e+04
6.000000000000000000e+00 -1.689381054700000095e+04
1.200000000000000000e+01 -1.704432617200000095e+04
1.800000000000000000e+01 -1.691672070299999905e+04
2.400000000000000000e+01 -1.637892675799999961e+04
3.000000000000000000e+01 -1.719918359399999827e+04
3.600000000000000000e+01 -1.764113085900000078e+04
4.200000000000000000e+01 -1.723308984399999827e+04
4.800000000000000000e+01 -1.709389843800000017e+04
5.400000000000000000e+01 -1.608279492199999913e+04
6.000000000000000000e+01 -1.589684960900000078e+04
6.600000000000000000e+01 -1.583027148400000078e+04
7.200000000000000000e+01 -1.592637011700000039e+04
7.800000000000000000e+01 -1.591339648400000078e+04
8.400000000000000000e+01 -1.586352343800000017e+04
9.000000000000000000e+01 -1.579540429699999913e+04
9.600000000000000000e+01 -1.571490234400000008e+04
1.020000000000000000e+02 -1.588010449200000039e+04
1.080000000000000000e+02 -1.597125195300000087e+04
1.140000000000000000e+02 -1.570115625000000000e+04
1.200000000000000000e+02 -1.556708203099999992e+04
1.260000000000000000e+02 -1.594467285199999969e+04
1.320000000000000000e+02 -1.583563574200000039e+04
1.380000000000000000e+02 -1.575423925799999961e+04
1.440000000000000000e+02 -1.591975390599999992e+04
1.500000000000000000e+02 -1.569304003899999952e+04
1.560000000000000000e+02 -1.580925293000000056e+04
1.620000000000000000e+02 -1.563142382800000087e+04
1.680000000000000000e+02 -1.580610156199999983e+04
1.740000000000000000e+02 -1.560011328099999992e+04
1.800000000000000000e+02 -1.573467480500000056e+04
1.860000000000000000e+02 -1.544299218800000017e+04
1.920000000000000000e+02 -1.584961230500000056e+04
1.980000000000000000e+02 -1.565128515599999992e+04
2.040000000000000000e+02 -1.573936621100000048e+04
2.100000000000000000e+02 -1.571826171900000008e+04
2.160000000000000000e+02 -1.603660742199999913e+04
2.220000000000000000e+02 -1.586299414099999922e+04
2.280000000000000000e+02 -1.572097851599999922e+04
2.340000000000000000e+02 -1.574738671900000008e+04
2.400000000000000000e+02 -1.574476171900000008e+04
2.460000000000000000e+02 -1.564035839800000031e+04
2.520000000000000000e+02 -1.581429687500000000e+04
2.580000000000000000e+02 -1.574169921900000008e+04
2.640000000000000000e+02 -1.560370898400000078e+04
2.700000000000000000e+02 -1.578841699200000039e+04
2.760000000000000000e+02 -1.572235937500000000e+04
2.820000000000000000e+02 -1.578499902300000031e+04
2.880000000000000000e+02 -1.581130859400000008e+04
2.940000000000000000e+02 -1.585045507800000087e+04
3.000000000000000000e+02 -1.581836718800000017e+04
3.060000000000000000e+02 -1.569976562500000000e+04
3.120000000000000000e+02 -1.563135253899999952e+04
3.180000000000000000e+02 -1.581040625000000000e+04
