0.000000000000000000e+00 0.000000000000000000e+00
6.000000000000000000e+00 1.595782877781659614e-02
1.200000000000000000e+01 3.191565755563297024e-02
1.800000000000000000e+01 4.787348633344934434e-02
2.400000000000000000e+01 6.383131511126594049e-02
3.000000000000000000e+01 7.978914388908253663e-02
3.600000000000000000e+01 9.574697266689891073e-02
4.200000000000000000e+01 1.117048014447152848e-01
4.800000000000000000e+01 1.276626302225318810e-01
5.400000000000000000e+01 1.436204590003482551e-01
6.000000000000000000e+01 1.595782877781648512e-01
6.600000000000000000e+01 1.755361165559812253e-01
7.200000000000000000e+01 1.914939453337978215e-01
7.800000000000000000e+01 2.074517741116144176e-01
8.400000000000000000e+01 2.234096028894310138e-01
9.000000000000000000e+01 2.393674316672473878e-01
9.600000000000000000e+01 2.553252604450637619e-01
1.020000000000000000e+02 2.712830892228803581e-01
1.080000000000000000e+02 2.872409180006967322e-01
1.140000000000000000e+02 3.031987467785133283e-01
1.200000000000000000e+02 3.191565755563297024e-01
1.260000000000000000e+02 3.351144043341462986e-01
1.320000000000000000e+02 3.510722331119626727e-01
1.380000000000000000e+02 3.670300618897792688e-01
1.440000000000000000e+02 3.829878906675956429e-01
1.500000000000000000e+02 3.989457194454122391e-01
1.560000000000000000e+02 4.149035482232288352e-01
1.620000000000000000e+02 4.308613770010452093e-01
1.680000000000000000e+02 4.468192057788618055e-01
1.740000000000000000e+02 4.627770345566781796e-01
1.800000000000000000e+02 4.787348633344947757e-01
1.860000000000000000e+02 4.946926921123111498e-01
1.920000000000000000e+02 5.106505208901275239e-01
1.980000000000000000e+02 5.266083496679441200e-01
2.040000000000000000e+02 5.425661784457604941e-01
2.100000000000000000e+02 5.585240072235770903e-01
2.160000000000000000e+02 5.744818360013934644e-01
2.220000000000000000e+02 5.904396647792102826e-01
2.280000000000000000e+02 6.063974935570266567e-01
2.340000000000000000e+02 6.223553223348432528e-01
2.400000000000000000e+02 6.383131511126596269e-01
2.460000000000000000e+02 6.542709798904760010e-01
2.520000000000000000e+02 6.702288086682925972e-01
2.580000000000000000e+02 6.861866374461089713e-01
2.640000000000000000e+02 7.021444662239255674e-01
2.700000000000000000e+02 7.181022950017419415e-01
2.760000000000000000e+02 7.340601237795585376e-01
2.820000000000000000e+02 7.500179525573749117e-01
2.880000000000000000e+02 7.659757813351915079e-01
2.940000000000000000e+02 7.819336101130078820e-01
3.000000000000000000e+02 7.978914388908244781e-01
3.060000000000000000e+02 8.138492676686410743e-01
3.120000000000000000e+02 8.298070964464574484e-01
3.180000000000000000e+02 8.457649252242740445e-01
3.200000000000000000e+02 8.510842014835460212e-01
