# Frame count, minimum, maximum and average direction angle, %d %.6f %.6f %.6f
1 1.821325 2.198817 2.020171
2 1.846602 2.215737 2.007237
3 1.728886 2.153996 1.992505
4 1.805910 2.193467 1.979125
5 1.740070 2.104099 1.935213
6 1.654847 2.044075 1.833049
7 1.611216 1.994465 1.810588
8 1.631945 1.939492 1.787427
9 1.567146 1.903657 1.718547
10 1.574305 1.933341 1.731485
11 1.599985 1.920189 1.744201
12 1.581626 1.970169 1.753835
13 1.563444 1.933341 1.747286
14 1.592221 1.934615 1.743205
15 1.574642 1.946670 1.740330
16 1.578096 1.930391 1.740210
17 1.595182 1.954552 1.746463
18 1.593015 1.940235 1.752305
19 1.584781 1.922571 1.744668
20 1.603159 1.960447 1.750750
21 1.598958 1.923254 1.742427
22 1.567173 1.974295 1.750540
23 1.574268 1.962916 1.748242
24 1.549523 1.948668 1.755694
25 1.605993 1.936686 1.750095
26 1.602476 1.940638 1.746326
27 1.570796 1.925502 1.745124
28 1.595614 1.926242 1.741854
29 1.613324 1.988298 1.756125
30 1.574584 1.962151 1.756984
31 1.592852 1.912860 1.754034
32 1.592611 1.942229 1.752664
33 1.603394 1.914061 1.750883
34 1.606368 1.941688 1.748834
35 1.541607 1.901576 1.738950
36 1.600200 1.913572 1.743018
37 1.581666 1.923786 1.758103
38 1.610775 1.914765 1.760181
39 1.581510 1.923607 1.748387
40 1.588525 1.897001 1.746712
41 1.550181 1.927482 1.750454
42 1.589451 1.959265 1.747450
43 1.526868 1.949379 1.750925
44 1.588462 1.935410 1.748307
45 1.602476 1.951302 1.755389
46 1.596338 1.907136 1.749346
47 1.606623 1.938223 1.751839
48 1.599774 1.985987 1.752466
49 1.578069 1.958047 1.744807
50 1.581666 1.996246 1.746637
51 1.599158 1.939713 1.753039
52 1.591995 1.935099 1.756132
53 1.567186 1.933341 1.746252
54 1.582032 1.969495 1.748688
