0.000000000000000000e+00 -8.839026489999999967e+02
6.000000000000000000e+00 -3.561513672000000042e+03
1.200000000000000000e+01 -5.671306152000000111e+03
1.800000000000000000e+01 -8.537065430000000561e+03
2.400000000000000000e+01 -1.389478882000000112e+03
3.000000000000000000e+01 -7.170880858999999873e+03
3.600000000000000000e+01 -9.363980469000000085e+03
4.200000000000000000e+01 -8.206386719000000085e+03
4.800000000000000000e+01 -8.261860351999999693e+03
5.400000000000000000e+01 -1.222344237999999905e+03
6.000000000000000000e+01 1.111032869999999946e+02
6.600000000000000000e+01 -4.626773680000000013e+02
7.200000000000000000e+01 -1.918149658000000045e+03
7.800000000000000000e+01 -2.432430420000000026e+02
8.400000000000000000e+01 -5.483935549999999921e+02
9.000000000000000000e+01 -4.323300169999999980e+02
9.600000000000000000e+01 -8.538433230000000549e+02
1.020000000000000000e+02 3.214725649999999746e+02
1.080000000000000000e+02 -2.812475279999999884e+02
1.140000000000000000e+02 -1.014996642999999949e+03
1.200000000000000000e+02 -4.960477290000000039e+02
1.260000000000000000e+02 -4.120496830000000159e+02
1.320000000000000000e+02 -6.316064450000000079e+02
1.380000000000000000e+02 -3.347426150000000007e+02
1.440000000000000000e+02 1.164275024000000030e+03
1.500000000000000000e+02 -1.277744018999999980e+03
1.560000000000000000e+02 -3.020600279999999884e+02
1.620000000000000000e+02 1.310509399000000030e+03
1.680000000000000000e+02 -4.560205379999999877e+02
1.740000000000000000e+02 -5.635420530000000099e+02
1.800000000000000000e+02 -2.106277469999999994e+02
1.860000000000000000e+02 5.972188720000000330e+02
1.920000000000000000e+02 3.627565309999999954e+02
1.980000000000000000e+02 -2.395552219999999863e+02
2.040000000000000000e+02 9.737326050000000350e+02
2.100000000000000000e+02 -6.998907499999999970e+01
2.160000000000000000e+02 -9.200880130000000463e+02
2.220000000000000000e+02 -2.407002999999999915e+01
2.280000000000000000e+02 -6.032770899999999870e+01
2.340000000000000000e+02 -5.149591060000000198e+02
2.400000000000000000e+02 3.694869380000000092e+02
2.460000000000000000e+02 1.553681949999999858e+02
2.520000000000000000e+02 -5.168419800000000350e+02
2.580000000000000000e+02 6.041629030000000284e+02
2.640000000000000000e+02 -1.007319702000000007e+03
2.700000000000000000e+02 8.013364870000000337e+02
2.760000000000000000e+02 4.301292419999999765e+02
2.820000000000000000e+02 -9.510285030000000006e+02
2.880000000000000000e+02 1.152475586000000021e+03
2.940000000000000000e+02 5.379226069999999709e+02
3.000000000000000000e+02 -7.037915040000000317e+02
3.060000000000000000e+02 1.130316283999999996e+03
3.120000000000000000e+02 -1.120436157000000094e+03
3.180000000000000000e+02 9.989070430000000442e+02
3.200000000000000000e+02 1.139474975999999970e+03
