0.000000000000000000e+00 -1.470448125000000000e+05
6.000000000000000000e+00 -1.457717187500000000e+05
1.200000000000000000e+01 -1.445328750000000000e+05
1.800000000000000000e+01 -1.437759687500000000e+05
2.400000000000000000e+01 -1.437149843750000000e+05
3.000000000000000000e+01 -1.430279531250000000e+05
3.600000000000000000e+01 -1.423590937500000000e+05
4.200000000000000000e+01 -1.421709687500000000e+05
4.800000000000000000e+01 -1.417656718750000000e+05
5.400000000000000000e+01 -1.434500156250000000e+05
6.000000000000000000e+01 -1.438951562500000000e+05
6.600000000000000000e+01 -1.436396562500000000e+05
7.200000000000000000e+01 -1.437930000000000000e+05
7.800000000000000000e+01 -1.435802812500000000e+05
8.400000000000000000e+01 -1.436238593750000000e+05
9.000000000000000000e+01 -1.438255312500000000e+05
9.600000000000000000e+01 -1.435272656250000000e+05
1.020000000000000000e+02 -1.433483125000000000e+05
1.080000000000000000e+02 -1.432926250000000000e+05
1.140000000000000000e+02 -1.438615000000000000e+05
1.200000000000000000e+02 -1.437686875000000000e+05
1.260000000000000000e+02 -1.435131875000000000e+05
1.320000000000000000e+02 -1.435097187500000000e+05
1.380000000000000000e+02 -1.437127656250000000e+05
1.440000000000000000e+02 -1.439131875000000000e+05
1.500000000000000000e+02 -1.435884687500000000e+05
1.560000000000000000e+02 -1.433630312500000000e+05
1.620000000000000000e+02 -1.435612187500000000e+05
1.680000000000000000e+02 -1.436719218750000000e+05
1.740000000000000000e+02 -1.436940312500000000e+05
1.800000000000000000e+02 -1.432655625000000000e+05
1.860000000000000000e+02 -1.439381562500000000e+05
1.920000000000000000e+02 -1.435296250000000000e+05
1.980000000000000000e+02 -1.432482187500000000e+05
2.040000000000000000e+02 -1.436221093750000000e+05
2.100000000000000000e+02 -1.436631250000000000e+05
2.160000000000000000e+02 -1.429361562500000000e+05
2.220000000000000000e+02 -1.434843593750000000e+05
2.280000000000000000e+02 -1.435262812500000000e+05
2.340000000000000000e+02 -1.437875000000000000e+05
2.400000000000000000e+02 -1.436129687500000000e+05
2.460000000000000000e+02 -1.437354062500000000e+05
2.520000000000000000e+02 -1.438530781250000000e+05
2.580000000000000000e+02 -1.436827656250000000e+05
2.640000000000000000e+02 -1.439762812500000000e+05
2.700000000000000000e+02 -1.439166562500000000e+05
2.760000000000000000e+02 -1.439420625000000000e+05
2.820000000000000000e+02 -1.435233750000000000e+05
2.880000000000000000e+02 -1.435809375000000000e+05
2.940000000000000000e+02 -1.436265312500000000e+05
3.000000000000000000e+02 -1.435168593750000000e+05
3.060000000000000000e+02 -1.436898125000000000e+05
3.120000000000000000e+02 -1.438078750000000000e+05
3.180000000000000000e+02 -1.434880781250000000e+05
