0.000000000000000000e+00 4.895830000000000126e+00
1.000000000000000000e+01 4.995829999999999771e+00
2.000000000000000000e+01 5.095830000000000304e+00
3.000000000000000000e+01 5.195829999999999949e+00
4.000000000000000000e+01 5.295829999999999593e+00
5.000000000000000000e+01 5.395830000000000126e+00
6.000000000000000000e+01 5.495829999999999771e+00
7.000000000000000000e+01 5.595830000000000304e+00
8.000000000000000000e+01 5.695829999999999949e+00
9.000000000000000000e+01 5.795829999999999593e+00
1.000000000000000000e+02 5.895830000000000126e+00
1.100000000000000000e+02 5.995829999999999771e+00
1.200000000000000000e+02 6.095830000000000304e+00
1.300000000000000000e+02 6.195829999999999949e+00
1.400000000000000000e+02 6.295829999999999593e+00
1.500000000000000000e+02 6.395830000000000126e+00
1.600000000000000000e+02 6.495829999999999771e+00
1.700000000000000000e+02 6.595830000000000304e+00
1.800000000000000000e+02 6.695829999999999949e+00
1.900000000000000000e+02 6.795829999999999593e+00
2.000000000000000000e+02 6.895830000000000126e+00
2.100000000000000000e+02 6.995829999999999771e+00
2.200000000000000000e+02 7.095830000000000304e+00
2.300000000000000000e+02 7.195829999999999949e+00
2.400000000000000000e+02 7.295829999999999593e+00
2.500000000000000000e+02 7.395830000000000126e+00
2.600000000000000000e+02 7.495829999999999771e+00
2.700000000000000000e+02 7.595830000000000304e+00
2.800000000000000000e+02 7.695829999999999949e+00
2.900000000000000000e+02 7.795829999999999593e+00
3.000000000000000000e+02 7.895830000000000126e+00
3.100000000000000000e+02 7.995829999999999771e+00
3.200000000000000000e+02 8.095829999999999416e+00
3.300000000000000000e+02 8.195830000000000837e+00
3.400000000000000000e+02 8.295830000000000481e+00
3.500000000000000000e+02 8.395830000000000126e+00
3.600000000000000000e+02 8.495831000000000799e+00
3.700000000000000000e+02 8.595829999999999416e+00
3.800000000000000000e+02 8.695830000000000837e+00
3.900000000000000000e+02 8.795830000000000481e+00
4.000000000000000000e+02 8.895830000000000126e+00
