0.000000e+00 4.386049999999999671e-02
1.000000e+01 5.858909999999999813e-02
2.000000e+01 5.975180000000000075e-02
3.000000e+01 5.990829999999999766e-02
4.000000e+01 6.095310000000000311e-02
5.000000e+01 6.108170000000000266e-02
6.000000e+01 6.108050000000000285e-02
7.000000e+01 6.063829999999999915e-02
8.000000e+01 6.104799999999999810e-02
9.000000e+01 6.140949999999999881e-02
1.000000e+02 6.092029999999999668e-02
1.100000e+02 7.550039999999999529e-02
1.200000e+02 7.744750000000000245e-02
1.300000e+02 7.666789999999999716e-02
1.400000e+02 7.919640000000000013e-02
1.500000e+02 7.942340000000000511e-02
1.600000e+02 7.986150000000000193e-02
1.700000e+02 7.956399999999999584e-02
1.800000e+02 7.942609999999999948e-02
1.900000e+02 7.891099999999999504e-02
2.000000e+02 7.925379999999999925e-02
2.100000e+02 1.017157000000000061e-01
2.200000e+02 1.041474000000000011e-01
2.300000e+02 1.077189999999999953e-01
2.400000e+02 1.094375999999999960e-01
2.500000e+02 1.092048999999999936e-01
2.600000e+02 1.104905000000000054e-01
2.700000e+02 1.093665999999999944e-01
2.800000e+02 1.118471999999999938e-01
2.900000e+02 1.111887000000000014e-01
3.000000e+02 1.122298999999999936e-01
3.100000e+02 2.797273000000000120e-01
3.200000e+02 2.824474000000000151e-01
3.300000e+02 2.689603999999999884e-01
3.400000e+02 2.727180000000000160e-01
3.500000e+02 2.738013999999999726e-01
3.600000e+02 2.709866000000000219e-01
3.700000e+02 2.693562999999999930e-01
3.800000e+02 2.698093999999999770e-01
3.900000e+02 2.732278000000000207e-01
4.000000e+02 2.691405000000000047e-01
4.100000e+02 2.609789000000000136e-01
4.200000e+02 2.653136999999999857e-01
4.300000e+02 2.718375000000000097e-01
4.400000e+02 2.698598999999999859e-01
4.500000e+02 2.667085000000000150e-01
4.600000e+02 2.719073000000000184e-01
4.700000e+02 2.682467000000000046e-01
4.800000e+02 2.696896999999999767e-01
4.900000e+02 2.671106999999999787e-01
5.000000e+02 2.662810999999999928e-01
