0.000000000000000000e+00 4.386049999999999671e-02
1.000000000000000000e+01 5.858909999999999813e-02
2.000000000000000000e+01 5.975180000000000075e-02
3.000000000000000000e+01 5.990829999999999766e-02
4.000000000000000000e+01 6.095310000000000311e-02
5.000000000000000000e+01 6.108170000000000266e-02
6.000000000000000000e+01 6.108050000000000285e-02
7.000000000000000000e+01 6.063829999999999915e-02
8.000000000000000000e+01 6.104799999999999810e-02
9.000000000000000000e+01 6.140949999999999881e-02
1.000000000000000000e+02 6.092020000000000074e-02
