0.000000000000000000e+00 6.092029999999999668e-02
1.000000000000000000e+01 7.550039999999999529e-02
2.000000000000000000e+01 7.744750000000000245e-02
3.000000000000000000e+01 7.666789999999999716e-02
4.000000000000000000e+01 7.919640000000000013e-02
5.000000000000000000e+01 7.942340000000000511e-02
6.000000000000000000e+01 7.986150000000000193e-02
7.000000000000000000e+01 7.956399999999999584e-02
8.000000000000000000e+01 7.942609999999999948e-02
9.000000000000000000e+01 7.891099999999999504e-02
1.000000000000000000e+02 7.925390000000000212e-02
