0.000000000000000000e+00 1.122298999999999936e-01
1.000000000000000000e+01 2.797273000000000120e-01
2.000000000000000000e+01 2.824474000000000151e-01
3.000000000000000000e+01 2.689603999999999884e-01
4.000000000000000000e+01 2.727180000000000160e-01
5.000000000000000000e+01 2.738013999999999726e-01
6.000000000000000000e+01 2.709866000000000219e-01
7.000000000000000000e+01 2.693562999999999930e-01
8.000000000000000000e+01 2.698093999999999770e-01
9.000000000000000000e+01 2.732278000000000207e-01
1.000000000000000000e+02 2.691405000000000047e-01
1.100000000000000000e+02 2.609789000000000136e-01
1.200000000000000000e+02 2.653136999999999857e-01
1.300000000000000000e+02 2.718375000000000097e-01
1.400000000000000000e+02 2.698598999999999859e-01
1.500000000000000000e+02 2.667085000000000150e-01
1.600000000000000000e+02 2.719073000000000184e-01
1.700000000000000000e+02 2.682467000000000046e-01
1.800000000000000000e+02 2.696896999999999767e-01
1.900000000000000000e+02 2.671106999999999787e-01
2.000000000000000000e+02 2.662810999999999928e-01
