0.000000000000000000e+00 7.925379999999999925e-02
1.000000000000000000e+01 1.017157000000000061e-01
2.000000000000000000e+01 1.041474000000000011e-01
3.000000000000000000e+01 1.077189999999999953e-01
4.000000000000000000e+01 1.094375999999999960e-01
5.000000000000000000e+01 1.092048999999999936e-01
6.000000000000000000e+01 1.104905000000000054e-01
7.000000000000000000e+01 1.093665999999999944e-01
8.000000000000000000e+01 1.118471999999999938e-01
9.000000000000000000e+01 1.111887000000000014e-01
1.000000000000000000e+02 1.122299999999999964e-01
