0.000000000000000000e+00 -1.594378969999999882e-02
1.000000000000000000e+01 2.965880859000000203e-01
2.000000000000000000e+01 4.492001952999999936e-01
3.000000000000000000e+01 5.538879395000000372e-01
4.000000000000000000e+01 5.366260254000000396e-01
5.000000000000000000e+01 -1.106038060000000094e-02
6.000000000000000000e+01 8.265820310000000781e-02
7.000000000000000000e+01 7.117232060000000526e-02
8.000000000000000000e+01 1.382114560000000103e-02
9.000000000000000000e+01 7.070741300000000715e-03
1.000000000000000000e+02 1.577196659999999945e-02
1.100000000000000000e+02 6.220952150000001041e-02
1.200000000000000000e+02 3.863484799999999941e-02
1.300000000000000000e+02 5.643594359999999643e-02
1.400000000000000000e+02 -9.505870799999999871e-03
1.500000000000000000e+02 7.866225400000001131e-03
1.600000000000000000e+02 5.381176759999999754e-02
1.700000000000000000e+02 3.460031500000000301e-03
1.800000000000000000e+02 6.476036990000000326e-02
1.900000000000000000e+02 -3.290815729999999745e-02
2.000000000000000000e+02 -5.280957000000000186e-03
2.100000000000000000e+02 4.467857360000000028e-02
2.200000000000000000e+02 -3.825778199999999712e-02
2.300000000000000000e+02 -4.188392330000000052e-02
2.400000000000000000e+02 -1.930671690000000315e-02
2.500000000000000000e+02 4.907811890000000205e-02
2.600000000000000000e+02 8.993050400000000832e-03
2.700000000000000000e+02 -1.841580799999999836e-03
2.800000000000000000e+02 -1.424116820000000116e-02
2.900000000000000000e+02 1.360729519999999935e-02
3.000000000000000000e+02 5.620905150000000267e-02
3.100000000000000000e+02 1.950200499999999934e-02
3.200000000000000000e+02 -1.196928860000000087e-02
3.300000000000000000e+02 6.425227400000000505e-03
3.400000000000000000e+02 -1.418436280000000098e-02
3.500000000000000000e+02 1.680718800000000155e-03
3.600000000000000000e+02 3.674449460000000361e-02
3.700000000000000000e+02 -8.989219700000000354e-03
3.800000000000000000e+02 3.611301570000000072e-02
3.900000000000000000e+02 9.372702640000001029e-02
4.000000000000000000e+02 2.921429140000000174e-02
