0.000000000000000000e+00 2.073000000000000000e+03 6.657000000000000000e+03
1.000000000000000000e+01 2.048000000000000000e+03 6.655000000000000000e+03
2.000000000000000000e+01 2.058000000000000000e+03 6.472000000000000000e+03
3.000000000000000000e+01 2.060000000000000000e+03 6.451000000000000000e+03
4.000000000000000000e+01 2.028000000000000000e+03 6.437000000000000000e+03
5.000000000000000000e+01 2.053000000000000000e+03 6.564000000000000000e+03
6.000000000000000000e+01 2.048000000000000000e+03 6.604000000000000000e+03
7.000000000000000000e+01 2.050000000000000000e+03 6.610000000000000000e+03
8.000000000000000000e+01 2.051000000000000000e+03 6.605000000000000000e+03
9.000000000000000000e+01 2.055000000000000000e+03 6.631000000000000000e+03
1.000000000000000000e+02 2.067000000000000000e+03 6.637000000000000000e+03
1.100000000000000000e+02 2.072000000000000000e+03 6.622000000000000000e+03
1.200000000000000000e+02 2.060000000000000000e+03 6.569000000000000000e+03
1.300000000000000000e+02 2.052000000000000000e+03 6.568000000000000000e+03
1.400000000000000000e+02 2.052000000000000000e+03 6.631000000000000000e+03
1.500000000000000000e+02 2.054000000000000000e+03 6.582000000000000000e+03
1.600000000000000000e+02 2.066000000000000000e+03 6.612000000000000000e+03
1.700000000000000000e+02 2.050000000000000000e+03 6.616000000000000000e+03
1.800000000000000000e+02 2.044000000000000000e+03 6.601000000000000000e+03
1.900000000000000000e+02 2.062000000000000000e+03 6.550000000000000000e+03
2.000000000000000000e+02 2.080000000000000000e+03 6.533000000000000000e+03
2.100000000000000000e+02 2.073000000000000000e+03 6.568000000000000000e+03
2.200000000000000000e+02 2.061000000000000000e+03 6.550000000000000000e+03
2.300000000000000000e+02 2.046000000000000000e+03 6.655000000000000000e+03
2.400000000000000000e+02 2.075000000000000000e+03 6.630000000000000000e+03
2.500000000000000000e+02 2.066000000000000000e+03 6.614000000000000000e+03
2.600000000000000000e+02 2.050000000000000000e+03 6.617000000000000000e+03
2.700000000000000000e+02 2.052000000000000000e+03 6.672000000000000000e+03
2.800000000000000000e+02 2.080000000000000000e+03 6.589000000000000000e+03
2.900000000000000000e+02 2.033000000000000000e+03 6.603000000000000000e+03
3.000000000000000000e+02 2.054000000000000000e+03 6.608000000000000000e+03
3.100000000000000000e+02 2.046000000000000000e+03 6.609000000000000000e+03
3.200000000000000000e+02 2.050000000000000000e+03 6.625000000000000000e+03
3.300000000000000000e+02 2.066000000000000000e+03 6.620000000000000000e+03
3.400000000000000000e+02 2.057000000000000000e+03 6.572000000000000000e+03
3.500000000000000000e+02 2.067000000000000000e+03 6.578000000000000000e+03
3.600000000000000000e+02 2.058000000000000000e+03 6.584000000000000000e+03
3.700000000000000000e+02 2.060000000000000000e+03 6.578000000000000000e+03
3.800000000000000000e+02 2.069000000000000000e+03 6.551000000000000000e+03
3.900000000000000000e+02 2.041000000000000000e+03 6.630000000000000000e+03
4.000000000000000000e+02 2.074000000000000000e+03 6.626000000000000000e+03
