0.000000000000000000e+00 0.000000000000000000e+00
1.000000000000000000e+01 0.000000000000000000e+00
2.000000000000000000e+01 2.866156465808660653e-03
3.000000000000000000e+01 1.102713090664233023e-02
4.000000000000000000e+01 2.135301568001069655e-02
5.000000000000000000e+01 3.282376177209302831e-02
6.000000000000000000e+01 3.909409516585202193e-02
7.000000000000000000e+01 3.673894881970981435e-02
8.000000000000000000e+01 3.848905657876193487e-02
9.000000000000000000e+01 3.933414126647915426e-02
1.000000000000000000e+02 3.946137633302217868e-02
1.100000000000000000e+02 3.972819142344947291e-02
1.200000000000000000e+02 4.046036655854743508e-02
1.300000000000000000e+02 4.179283896091162687e-02
1.400000000000000000e+02 4.269334847700321373e-02
1.500000000000000000e+02 4.352814398307674332e-02
1.600000000000000000e+02 4.336958764874050687e-02
1.700000000000000000e+02 4.404403062129742114e-02
1.800000000000000000e+02 4.479284487223479660e-02
1.900000000000000000e+02 4.494556153978655766e-02
2.000000000000000000e+02 4.554144644115500767e-02
2.100000000000000000e+02 4.445430526454824394e-02
2.200000000000000000e+02 4.481865167312452242e-02
2.300000000000000000e+02 4.537465009814472400e-02
2.400000000000000000e+02 4.442118485987051751e-02
2.500000000000000000e+02 4.384205200207794140e-02
2.600000000000000000e+02 4.406813008383323599e-02
2.700000000000000000e+02 4.510842773475928769e-02
2.800000000000000000e+02 4.513167605748154981e-02
2.900000000000000000e+02 4.502254212053929949e-02
3.000000000000000000e+02 4.494756115238204147e-02
3.100000000000000000e+02 4.567886300382160286e-02
3.200000000000000000e+02 4.658707662949896494e-02
3.300000000000000000e+02 4.651118890089455532e-02
3.400000000000000000e+02 4.636969063127870799e-02
3.500000000000000000e+02 4.650810640143412944e-02
3.600000000000000000e+02 4.631832493468929918e-02
3.700000000000000000e+02 4.670748466622035022e-02
3.800000000000000000e+02 4.712846394346122125e-02
3.900000000000000000e+02 4.695872188018618970e-02
4.000000000000000000e+02 4.826345209157697352e-02
