0.000000000000000000e+00 -2.980788281199999983e+04
1.000000000000000000e+01 -2.942023046899999827e+04
2.000000000000000000e+01 -2.885512304700000095e+04
3.000000000000000000e+01 -2.828546093800000017e+04
4.000000000000000000e+01 -2.766772656199999983e+04
5.000000000000000000e+01 -2.796177343800000017e+04
6.000000000000000000e+01 -2.810603515600000173e+04
7.000000000000000000e+01 -2.796879296899999827e+04
8.000000000000000000e+01 -2.811627734399999827e+04
9.000000000000000000e+01 -2.797909375000000000e+04
1.000000000000000000e+02 -2.794209570299999905e+04
1.100000000000000000e+02 -2.812302148400000078e+04
1.200000000000000000e+02 -2.826132421899999827e+04
1.300000000000000000e+02 -2.819208593800000017e+04
1.400000000000000000e+02 -2.813598828100000173e+04
1.500000000000000000e+02 -2.776137109399999827e+04
1.600000000000000000e+02 -2.800219531199999983e+04
1.700000000000000000e+02 -2.786165234399999827e+04
1.800000000000000000e+02 -2.810129687500000000e+04
1.900000000000000000e+02 -2.803914453100000173e+04
2.000000000000000000e+02 -2.799598828100000173e+04
2.100000000000000000e+02 -2.810503906199999983e+04
2.200000000000000000e+02 -2.806817382799999905e+04
2.300000000000000000e+02 -2.794100000000000000e+04
2.400000000000000000e+02 -2.816875000000000000e+04
2.500000000000000000e+02 -2.825373046899999827e+04
2.600000000000000000e+02 -2.778748046899999827e+04
2.700000000000000000e+02 -2.798935156199999983e+04
2.800000000000000000e+02 -2.795022656199999983e+04
2.900000000000000000e+02 -2.796226953100000173e+04
3.000000000000000000e+02 -2.818125390600000173e+04
3.100000000000000000e+02 -2.799900390600000173e+04
3.200000000000000000e+02 -2.818542773400000078e+04
3.300000000000000000e+02 -2.808797070299999905e+04
3.400000000000000000e+02 -2.799940039099999922e+04
3.500000000000000000e+02 -2.780945507799999905e+04
3.600000000000000000e+02 -2.821147265600000173e+04
3.700000000000000000e+02 -2.784301171899999827e+04
3.800000000000000000e+02 -2.786359570299999905e+04
3.900000000000000000e+02 -2.797338867200000095e+04
4.000000000000000000e+02 -2.836983007799999905e+04
