0.000000000000000000e+00 0.000000000000000000e+00
1.000000000000000000e+01 2.042554582164823884e-02
2.000000000000000000e+01 4.085109164329647768e-02
3.000000000000000000e+01 6.127663746494471653e-02
4.000000000000000000e+01 8.170218328659273332e-02
5.000000000000000000e+01 1.021277291082411942e-01
6.000000000000000000e+01 1.225532749298892110e-01
7.000000000000000000e+01 1.429788207515376719e-01
8.000000000000000000e+01 1.634043665731856887e-01
9.000000000000000000e+01 1.838299123948339275e-01
1.000000000000000000e+02 2.042554582164821664e-01
1.100000000000000000e+02 2.246810040381304052e-01
1.200000000000000000e+02 2.451065498597786441e-01
1.300000000000000000e+02 2.655320956814268829e-01
1.400000000000000000e+02 2.859576415030748997e-01
1.500000000000000000e+02 3.063831873247233606e-01
1.600000000000000000e+02 3.268087331463713774e-01
1.700000000000000000e+02 3.472342789680198383e-01
1.800000000000000000e+02 3.676598247896678551e-01
1.900000000000000000e+02 3.880853706113160939e-01
2.000000000000000000e+02 4.085109164329643328e-01
2.100000000000000000e+02 4.289364622546125716e-01
2.200000000000000000e+02 4.493620080762608104e-01
2.300000000000000000e+02 4.697875538979090493e-01
2.400000000000000000e+02 4.902130997195570661e-01
2.500000000000000000e+02 5.106386455412055270e-01
2.600000000000000000e+02 5.310641913628535438e-01
2.700000000000000000e+02 5.514897371845020047e-01
2.800000000000000000e+02 5.719152830061500214e-01
2.900000000000000000e+02 5.923408288277982603e-01
3.000000000000000000e+02 6.127663746494464991e-01
3.100000000000000000e+02 6.331919204710947380e-01
3.200000000000000000e+02 6.536174662927427548e-01
3.300000000000000000e+02 6.740430121143914377e-01
3.400000000000000000e+02 6.944685579360394545e-01
3.500000000000000000e+02 7.148941037576876933e-01
3.600000000000000000e+02 7.353198538347942570e-01
3.700000000000000000e+02 7.557451954009839490e-01
3.800000000000000000e+02 7.761707412226324099e-01
3.900000000000000000e+02 7.965962870442806487e-01
4.000000000000000000e+02 8.170218328659286655e-01
