0.000000000000000000e+00 -2.583982343750000000e+05
1.000000000000000000e+01 -2.578346718750000000e+05
2.000000000000000000e+01 -2.576437500000000000e+05
3.000000000000000000e+01 -2.562237500000000000e+05
4.000000000000000000e+01 -2.554897187500000000e+05
5.000000000000000000e+01 -2.595356406250000000e+05
6.000000000000000000e+01 -2.586715937500000000e+05
7.000000000000000000e+01 -2.593059375000000000e+05
8.000000000000000000e+01 -2.593500312500000000e+05
9.000000000000000000e+01 -2.593234687500000000e+05
1.000000000000000000e+02 -2.598468437500000000e+05
1.100000000000000000e+02 -2.596453906250000000e+05
1.200000000000000000e+02 -2.594168593750000000e+05
1.300000000000000000e+02 -2.594119843750000000e+05
1.400000000000000000e+02 -2.595457187500000000e+05
1.500000000000000000e+02 -2.596689375000000000e+05
1.600000000000000000e+02 -2.598227187500000000e+05
1.700000000000000000e+02 -2.600780625000000000e+05
1.800000000000000000e+02 -2.597897031250000000e+05
1.900000000000000000e+02 -2.594842812500000000e+05
2.000000000000000000e+02 -2.604012500000000000e+05
2.100000000000000000e+02 -2.602040937500000000e+05
2.200000000000000000e+02 -2.597689062500000000e+05
2.300000000000000000e+02 -2.597683125000000000e+05
2.400000000000000000e+02 -2.599742968750000000e+05
2.500000000000000000e+02 -2.592298593750000000e+05
2.600000000000000000e+02 -2.595353125000000000e+05
2.700000000000000000e+02 -2.601319062500000000e+05
2.800000000000000000e+02 -2.602785937500000000e+05
2.900000000000000000e+02 -2.598262968750000000e+05
3.000000000000000000e+02 -2.600536093750000000e+05
3.100000000000000000e+02 -2.597612031250000000e+05
3.200000000000000000e+02 -2.603878437500000000e+05
3.300000000000000000e+02 -2.600545156250000000e+05
3.400000000000000000e+02 -2.600248906250000000e+05
3.500000000000000000e+02 -2.603665937500000000e+05
3.600000000000000000e+02 -2.608917187500000000e+05
3.700000000000000000e+02 -2.607204218750000000e+05
3.800000000000000000e+02 -2.608394375000000000e+05
3.900000000000000000e+02 -2.607239218750000000e+05
4.000000000000000000e+02 -2.608286406250000000e+05
