# Frame count, minimum, maximum and average direction angle, %d %.6f %.6f %.6f
1 -0.435741 0.180799 -0.112099
2 -0.555059 0.244979 -0.114340
3 -0.556670 0.238245 -0.119758
4 -0.539799 0.332861 -0.118093
5 -0.619030 0.437722 -0.112670
6 -0.633516 0.212567 -0.124831
7 -0.450868 0.139823 -0.123768
8 -0.431400 0.206569 -0.122840
9 -0.450338 0.180182 -0.127332
10 -0.463647 0.188222 -0.123560
11 -0.487452 0.282901 -0.123936
12 -0.416375 0.159913 -0.124624
13 -0.476676 0.236114 -0.126292
14 -0.491238 0.137426 -0.126229
15 -0.541052 0.161543 -0.126150
16 -0.500440 0.191185 -0.127779
17 -0.446245 0.282328 -0.126010
18 -0.475198 0.256401 -0.128251
19 -0.443210 0.121619 -0.128839
20 -0.440626 0.223319 -0.129824
21 -0.457175 0.192349 -0.127336
22 -0.447256 0.195320 -0.129568
23 -0.505357 0.192442 -0.127482
24 -0.489120 0.294851 -0.126705
25 -0.502214 0.278300 -0.125506
26 -0.455452 0.276798 -0.120133
27 -0.473356 0.269850 -0.126988
28 -0.463648 0.326306 -0.129272
29 -0.492719 0.221747 -0.127661
30 -0.498777 0.290441 -0.128227
31 -0.536688 0.200131 -0.132105
32 -0.499059 0.221851 -0.128983
33 -0.517392 0.196672 -0.135501
34 -0.458818 0.160479 -0.131578
35 -0.524470 0.311489 -0.129286
36 -0.487836 0.239067 -0.130297
37 -0.522788 0.263398 -0.132388
38 -0.465266 0.256402 -0.128740
39 -0.542846 0.165149 -0.127512
40 -0.531724 0.206405 -0.126683
41 -0.466921 0.244979 -0.132425
