0.000000000000000000e+00 7.310670000000000002e+00
6.000000000000000000e+00 7.370669999999999611e+00
1.200000000000000000e+01 7.430670000000000108e+00
1.800000000000000000e+01 7.490669999999999717e+00
2.400000000000000000e+01 7.550670000000000215e+00
3.000000000000000000e+01 7.610669999999999824e+00
3.600000000000000000e+01 7.670670000000000321e+00
4.200000000000000000e+01 7.730669999999999931e+00
4.800000000000000000e+01 7.790670000000000428e+00
5.400000000000000000e+01 7.850670000000000037e+00
6.000000000000000000e+01 7.910669999999999646e+00
6.600000000000000000e+01 7.970670000000000144e+00
7.200000000000000000e+01 8.030670000000000641e+00
7.800000000000000000e+01 8.090669999999999362e+00
8.400000000000000000e+01 8.150669999999999860e+00
9.000000000000000000e+01 8.210670000000000357e+00
9.600000000000000000e+01 8.270670000000000854e+00
1.020000000000000000e+02 8.330669000000000324e+00
1.080000000000000000e+02 8.390670000000000073e+00
1.140000000000000000e+02 8.450670000000000570e+00
1.200000000000000000e+02 8.510669999999999291e+00
1.260000000000000000e+02 8.570669999999999789e+00
1.320000000000000000e+02 8.630670000000000286e+00
1.380000000000000000e+02 8.690670000000000783e+00
1.440000000000000000e+02 8.750669000000000253e+00
1.500000000000000000e+02 8.810670000000000002e+00
1.560000000000000000e+02 8.870670000000000499e+00
1.620000000000000000e+02 8.930669999999999220e+00
1.680000000000000000e+02 8.990669999999999717e+00
1.740000000000000000e+02 9.050670000000000215e+00
1.800000000000000000e+02 9.110670000000000712e+00
1.860000000000000000e+02 9.170669999999999433e+00
1.920000000000000000e+02 9.230669999999999931e+00
1.980000000000000000e+02 9.290668999999999400e+00
2.040000000000000000e+02 9.350669999999999149e+00
2.100000000000000000e+02 9.410669999999999646e+00
2.160000000000000000e+02 9.470670000000000144e+00
2.220000000000000000e+02 9.530670000000000641e+00
2.280000000000000000e+02 9.590669999999999362e+00
2.340000000000000000e+02 9.650669999999999860e+00
2.400000000000000000e+02 9.710670000000000357e+00
2.460000000000000000e+02 9.770670000000000854e+00
2.520000000000000000e+02 9.830669000000000324e+00
2.580000000000000000e+02 9.890670000000000073e+00
2.640000000000000000e+02 9.950670000000000570e+00
2.700000000000000000e+02 1.001066999999999929e+01
2.760000000000000000e+02 1.007066999999999979e+01
2.820000000000000000e+02 1.013067000000000029e+01
2.880000000000000000e+02 1.019067000000000078e+01
2.940000000000000000e+02 1.025066900000000025e+01
3.000000000000000000e+02 1.031067000000000000e+01
3.060000000000000000e+02 1.037066899999999947e+01
3.120000000000000000e+02 1.043066999999999922e+01
3.180000000000000000e+02 1.049066999999999972e+01
3.240000000000000000e+02 1.055067000000000021e+01
3.300000000000000000e+02 1.061067000000000071e+01
3.360000000000000000e+02 1.067066999999999943e+01
3.420000000000000000e+02 1.073066999999999993e+01
3.480000000000000000e+02 1.079066899999999940e+01
3.540000000000000000e+02 1.085066999999999915e+01
3.600000000000000000e+02 1.091066999999999965e+01
3.660000000000000000e+02 1.097067000000000014e+01
3.720000000000000000e+02 1.103067000000000064e+01
3.780000000000000000e+02 1.109066999999999936e+01
3.840000000000000000e+02 1.115066999999999986e+01
3.900000000000000000e+02 1.121067000000000036e+01
3.960000000000000000e+02 1.127067000000000085e+01
4.020000000000000000e+02 1.133066900000000032e+01
4.080000000000000000e+02 1.139067000000000007e+01
4.140000000000000000e+02 1.145067000000000057e+01
4.200000000000000000e+02 1.151066999999999929e+01
4.260000000000000000e+02 1.157066999999999979e+01
4.320000000000000000e+02 1.163067000000000029e+01
4.380000000000000000e+02 1.169067000000000078e+01
4.440000000000000000e+02 1.175066900000000025e+01
4.500000000000000000e+02 1.181067000000000000e+01
4.560000000000000000e+02 1.187066899999999947e+01
4.620000000000000000e+02 1.193066999999999922e+01
4.680000000000000000e+02 1.199066999999999972e+01
4.740000000000000000e+02 1.205067000000000021e+01
4.800000000000000000e+02 1.211067000000000071e+01
4.860000000000000000e+02 1.217066999999999943e+01
4.920000000000000000e+02 1.223066999999999993e+01
4.980000000000000000e+02 1.229066899999999940e+01
5.040000000000000000e+02 1.235066999999999915e+01
5.100000000000000000e+02 1.241066900000000039e+01
5.160000000000000000e+02 1.247067000000000014e+01
5.220000000000000000e+02 1.253067000000000064e+01
5.280000000000000000e+02 1.259066999999999936e+01
5.340000000000000000e+02 1.265066999999999986e+01
5.400000000000000000e+02 1.271067000000000036e+01
5.460000000000000000e+02 1.277067000000000085e+01
5.520000000000000000e+02 1.283066900000000032e+01
5.580000000000000000e+02 1.289067000000000007e+01
5.640000000000000000e+02 1.295067000000000057e+01
5.700000000000000000e+02 1.301066999999999929e+01
5.760000000000000000e+02 1.307066999999999979e+01
5.820000000000000000e+02 1.313067000000000029e+01
5.880000000000000000e+02 1.319067000000000078e+01
5.940000000000000000e+02 1.325066900000000025e+01
6.000000000000000000e+02 1.331067000000000000e+01
6.060000000000000000e+02 1.337066899999999947e+01
6.120000000000000000e+02 1.343066999999999922e+01
6.180000000000000000e+02 1.349066999999999972e+01
6.240000000000000000e+02 1.355067000000000021e+01
6.300000000000000000e+02 1.361067000000000071e+01
6.360000000000000000e+02 1.367066999999999943e+01
6.420000000000000000e+02 1.373066999999999993e+01
6.480000000000000000e+02 1.379066899999999940e+01
6.540000000000000000e+02 1.385066999999999915e+01
6.600000000000000000e+02 1.391066900000000039e+01
6.660000000000000000e+02 1.397067000000000014e+01
6.720000000000000000e+02 1.403067000000000064e+01
6.780000000000000000e+02 1.409066999999999936e+01
6.840000000000000000e+02 1.415066999999999986e+01
6.900000000000000000e+02 1.421067000000000036e+01
6.960000000000000000e+02 1.427067000000000085e+01
7.020000000000000000e+02 1.433066900000000032e+01
7.080000000000000000e+02 1.439067000000000007e+01
7.140000000000000000e+02 1.445066899999999954e+01
7.200000000000000000e+02 1.451066999999999929e+01
7.260000000000000000e+02 1.457066999999999979e+01
7.320000000000000000e+02 1.463067000000000029e+01
7.380000000000000000e+02 1.469067000000000078e+01
7.440000000000000000e+02 1.475066900000000025e+01
7.500000000000000000e+02 1.481067000000000000e+01
7.560000000000000000e+02 1.487066899999999947e+01
7.620000000000000000e+02 1.493066999999999922e+01
7.680000000000000000e+02 1.499066900000000047e+01
7.740000000000000000e+02 1.505067000000000021e+01
7.800000000000000000e+02 1.511067000000000071e+01
7.860000000000000000e+02 1.517066999999999943e+01
7.920000000000000000e+02 1.523066999999999993e+01
7.980000000000000000e+02 1.529066899999999940e+01
8.040000000000000000e+02 1.535066999999999915e+01
8.100000000000000000e+02 1.541066900000000039e+01
8.160000000000000000e+02 1.547067000000000014e+01
8.220000000000000000e+02 1.553067000000000064e+01
8.280000000000000000e+02 1.559066999999999936e+01
8.340000000000000000e+02 1.565066999999999986e+01
8.400000000000000000e+02 1.571067000000000036e+01
8.460000000000000000e+02 1.577067000000000085e+01
8.520000000000000000e+02 1.583066900000000032e+01
8.580000000000000000e+02 1.589067000000000007e+01
8.640000000000000000e+02 1.595066899999999954e+01
8.700000000000000000e+02 1.601067000000000107e+01
8.760000000000000000e+02 1.607066899999999876e+01
8.820000000000000000e+02 1.613067099999999954e+01
8.880000000000000000e+02 1.619067000000000078e+01
8.940000000000000000e+02 1.625066899999999848e+01
9.000000000000000000e+02 1.631066900000000075e+01
9.060000000000000000e+02 1.637067000000000050e+01
9.120000000000000000e+02 1.643066999999999922e+01
9.180000000000000000e+02 1.649066900000000047e+01
9.240000000000000000e+02 1.655067100000000124e+01
9.300000000000000000e+02 1.661066999999999894e+01
9.360000000000000000e+02 1.667067000000000121e+01
9.420000000000000000e+02 1.673066899999999890e+01
9.480000000000000000e+02 1.679066999999999865e+01
9.540000000000000000e+02 1.685067000000000093e+01
9.600000000000000000e+02 1.691066899999999862e+01
9.660000000000000000e+02 1.697066900000000089e+01
9.720000000000000000e+02 1.703067000000000064e+01
9.780000000000000000e+02 1.709066999999999936e+01
9.840000000000000000e+02 1.715066900000000061e+01
9.900000000000000000e+02 1.721067000000000036e+01
9.960000000000000000e+02 1.727066999999999908e+01
1.002000000000000000e+03 1.733066900000000032e+01
1.008000000000000000e+03 1.739066899999999904e+01
1.014000000000000000e+03 1.745066999999999879e+01
1.020000000000000000e+03 1.751067000000000107e+01
1.026000000000000000e+03 1.757066899999999876e+01
1.032000000000000000e+03 1.763067099999999954e+01
1.038000000000000000e+03 1.769067000000000078e+01
1.044000000000000000e+03 1.775066899999999848e+01
1.050000000000000000e+03 1.781066900000000075e+01
1.056000000000000000e+03 1.787067000000000050e+01
1.062000000000000000e+03 1.793066999999999922e+01
1.068000000000000000e+03 1.799066900000000047e+01
1.074000000000000000e+03 1.805066899999999919e+01
1.080000000000000000e+03 1.811066999999999894e+01
1.086000000000000000e+03 1.817067000000000121e+01
1.092000000000000000e+03 1.823066899999999890e+01
1.098000000000000000e+03 1.829066999999999865e+01
1.104000000000000000e+03 1.835067000000000093e+01
1.110000000000000000e+03 1.841066899999999862e+01
1.116000000000000000e+03 1.847066900000000089e+01
1.122000000000000000e+03 1.853067000000000064e+01
1.128000000000000000e+03 1.859066999999999936e+01
1.134000000000000000e+03 1.865066900000000061e+01
1.140000000000000000e+03 1.871067000000000036e+01
1.146000000000000000e+03 1.877066999999999908e+01
1.152000000000000000e+03 1.883066900000000032e+01
1.158000000000000000e+03 1.889066899999999904e+01
1.164000000000000000e+03 1.895066999999999879e+01
1.170000000000000000e+03 1.901067000000000107e+01
1.176000000000000000e+03 1.907066899999999876e+01
1.182000000000000000e+03 1.913067099999999954e+01
1.188000000000000000e+03 1.919067000000000078e+01
1.194000000000000000e+03 1.925066899999999848e+01
1.200000000000000000e+03 1.931066900000000075e+01
1.206000000000000000e+03 1.937067000000000050e+01
1.212000000000000000e+03 1.943066999999999922e+01
1.218000000000000000e+03 1.949066900000000047e+01
1.224000000000000000e+03 1.955066899999999919e+01
1.230000000000000000e+03 1.961066999999999894e+01
1.236000000000000000e+03 1.967067000000000121e+01
1.242000000000000000e+03 1.973066899999999890e+01
1.248000000000000000e+03 1.979066999999999865e+01
1.254000000000000000e+03 1.985067000000000093e+01
1.260000000000000000e+03 1.991066899999999862e+01
1.266000000000000000e+03 1.997066900000000089e+01
1.272000000000000000e+03 2.003067000000000064e+01
1.278000000000000000e+03 2.009066999999999936e+01
1.280000000000000000e+03 2.011066999999999894e+01
