0.000000000000000000e+00 4.616000000000000000e+03 1.395400000000000000e+04
6.000000000000000000e+00 4.572000000000000000e+03 1.397500000000000000e+04
1.200000000000000000e+01 4.598000000000000000e+03 1.401300000000000000e+04
1.800000000000000000e+01 4.591000000000000000e+03 1.403500000000000000e+04
2.400000000000000000e+01 4.601000000000000000e+03 1.400200000000000000e+04
3.000000000000000000e+01 4.575000000000000000e+03 1.405700000000000000e+04
3.600000000000000000e+01 4.572000000000000000e+03 1.406500000000000000e+04
4.200000000000000000e+01 4.573000000000000000e+03 1.406300000000000000e+04
4.800000000000000000e+01 4.554000000000000000e+03 1.407900000000000000e+04
5.400000000000000000e+01 4.565000000000000000e+03 1.404100000000000000e+04
6.000000000000000000e+01 4.529000000000000000e+03 1.405500000000000000e+04
6.600000000000000000e+01 4.520000000000000000e+03 1.403500000000000000e+04
7.200000000000000000e+01 4.508000000000000000e+03 1.402700000000000000e+04
7.800000000000000000e+01 4.478000000000000000e+03 1.400600000000000000e+04
8.400000000000000000e+01 4.451000000000000000e+03 1.400700000000000000e+04
9.000000000000000000e+01 4.466000000000000000e+03 1.398000000000000000e+04
9.600000000000000000e+01 4.478000000000000000e+03 1.393600000000000000e+04
1.020000000000000000e+02 4.452000000000000000e+03 1.393700000000000000e+04
1.080000000000000000e+02 4.441000000000000000e+03 1.392300000000000000e+04
1.140000000000000000e+02 4.417000000000000000e+03 1.390800000000000000e+04
1.200000000000000000e+02 4.399000000000000000e+03 1.397300000000000000e+04
1.260000000000000000e+02 4.334000000000000000e+03 1.415700000000000000e+04
1.320000000000000000e+02 4.350000000000000000e+03 1.428800000000000000e+04
1.380000000000000000e+02 4.359000000000000000e+03 1.449300000000000000e+04
1.440000000000000000e+02 4.335000000000000000e+03 1.453900000000000000e+04
1.500000000000000000e+02 4.362000000000000000e+03 1.437000000000000000e+04
1.560000000000000000e+02 4.375000000000000000e+03 1.437200000000000000e+04
1.620000000000000000e+02 4.344000000000000000e+03 1.439500000000000000e+04
1.680000000000000000e+02 4.370000000000000000e+03 1.434100000000000000e+04
1.740000000000000000e+02 4.343000000000000000e+03 1.439700000000000000e+04
1.800000000000000000e+02 4.350000000000000000e+03 1.443600000000000000e+04
1.860000000000000000e+02 4.383000000000000000e+03 1.432600000000000000e+04
1.920000000000000000e+02 4.333000000000000000e+03 1.440200000000000000e+04
1.980000000000000000e+02 4.331000000000000000e+03 1.444800000000000000e+04
2.040000000000000000e+02 4.335000000000000000e+03 1.441100000000000000e+04
2.100000000000000000e+02 4.345000000000000000e+03 1.442200000000000000e+04
2.160000000000000000e+02 4.342000000000000000e+03 1.445800000000000000e+04
2.220000000000000000e+02 4.426000000000000000e+03 1.448800000000000000e+04
2.280000000000000000e+02 4.296000000000000000e+03 1.443600000000000000e+04
2.340000000000000000e+02 4.328000000000000000e+03 1.453400000000000000e+04
2.400000000000000000e+02 4.317000000000000000e+03 1.451100000000000000e+04
2.460000000000000000e+02 4.333000000000000000e+03 1.452800000000000000e+04
2.520000000000000000e+02 4.303000000000000000e+03 1.443400000000000000e+04
2.580000000000000000e+02 4.328000000000000000e+03 1.447700000000000000e+04
2.640000000000000000e+02 4.309000000000000000e+03 1.462400000000000000e+04
2.700000000000000000e+02 4.323000000000000000e+03 1.452000000000000000e+04
2.760000000000000000e+02 4.284000000000000000e+03 1.458400000000000000e+04
2.820000000000000000e+02 4.289000000000000000e+03 1.456900000000000000e+04
2.880000000000000000e+02 4.242000000000000000e+03 1.463000000000000000e+04
2.940000000000000000e+02 4.310000000000000000e+03 1.457900000000000000e+04
3.000000000000000000e+02 4.296000000000000000e+03 1.462200000000000000e+04
3.060000000000000000e+02 4.271000000000000000e+03 1.451800000000000000e+04
3.120000000000000000e+02 4.269000000000000000e+03 1.457200000000000000e+04
3.180000000000000000e+02 4.242000000000000000e+03 1.452900000000000000e+04
3.240000000000000000e+02 4.271000000000000000e+03 1.454000000000000000e+04
3.300000000000000000e+02 4.243000000000000000e+03 1.451300000000000000e+04
3.360000000000000000e+02 4.248000000000000000e+03 1.455500000000000000e+04
3.420000000000000000e+02 4.261000000000000000e+03 1.448600000000000000e+04
3.480000000000000000e+02 4.236000000000000000e+03 1.455300000000000000e+04
3.540000000000000000e+02 4.282000000000000000e+03 1.452600000000000000e+04
3.600000000000000000e+02 4.233000000000000000e+03 1.445900000000000000e+04
3.660000000000000000e+02 4.222000000000000000e+03 1.456400000000000000e+04
3.720000000000000000e+02 4.216000000000000000e+03 1.450600000000000000e+04
3.780000000000000000e+02 4.224000000000000000e+03 1.451900000000000000e+04
3.840000000000000000e+02 4.204000000000000000e+03 1.458700000000000000e+04
3.900000000000000000e+02 4.275000000000000000e+03 1.446800000000000000e+04
3.960000000000000000e+02 4.231000000000000000e+03 1.446200000000000000e+04
4.020000000000000000e+02 4.251000000000000000e+03 1.451000000000000000e+04
4.080000000000000000e+02 4.236000000000000000e+03 1.450400000000000000e+04
4.140000000000000000e+02 4.250000000000000000e+03 1.445300000000000000e+04
4.200000000000000000e+02 4.225000000000000000e+03 1.442700000000000000e+04
4.260000000000000000e+02 4.212000000000000000e+03 1.442000000000000000e+04
4.320000000000000000e+02 4.262000000000000000e+03 1.446900000000000000e+04
4.380000000000000000e+02 4.240000000000000000e+03 1.445500000000000000e+04
4.440000000000000000e+02 4.271000000000000000e+03 1.441000000000000000e+04
4.500000000000000000e+02 4.202000000000000000e+03 1.450900000000000000e+04
4.560000000000000000e+02 4.192000000000000000e+03 1.449000000000000000e+04
4.620000000000000000e+02 4.212000000000000000e+03 1.438200000000000000e+04
4.680000000000000000e+02 4.226000000000000000e+03 1.444000000000000000e+04
4.740000000000000000e+02 4.185000000000000000e+03 1.445100000000000000e+04
4.800000000000000000e+02 4.199000000000000000e+03 1.439200000000000000e+04
4.860000000000000000e+02 4.181000000000000000e+03 1.433400000000000000e+04
4.920000000000000000e+02 4.190000000000000000e+03 1.440400000000000000e+04
4.980000000000000000e+02 4.151000000000000000e+03 1.445400000000000000e+04
5.040000000000000000e+02 4.145000000000000000e+03 1.449600000000000000e+04
5.100000000000000000e+02 4.221000000000000000e+03 1.444100000000000000e+04
5.160000000000000000e+02 4.180000000000000000e+03 1.452100000000000000e+04
5.220000000000000000e+02 4.206000000000000000e+03 1.441600000000000000e+04
5.280000000000000000e+02 4.246000000000000000e+03 1.445500000000000000e+04
5.340000000000000000e+02 4.251000000000000000e+03 1.437400000000000000e+04
5.400000000000000000e+02 4.215000000000000000e+03 1.437100000000000000e+04
5.460000000000000000e+02 4.191000000000000000e+03 1.441000000000000000e+04
5.520000000000000000e+02 4.236000000000000000e+03 1.433700000000000000e+04
5.580000000000000000e+02 4.196000000000000000e+03 1.438500000000000000e+04
5.640000000000000000e+02 4.219000000000000000e+03 1.439900000000000000e+04
5.700000000000000000e+02 4.220000000000000000e+03 1.437900000000000000e+04
5.760000000000000000e+02 4.210000000000000000e+03 1.435900000000000000e+04
5.820000000000000000e+02 4.214000000000000000e+03 1.436300000000000000e+04
5.880000000000000000e+02 4.213000000000000000e+03 1.435400000000000000e+04
5.940000000000000000e+02 4.243000000000000000e+03 1.420300000000000000e+04
6.000000000000000000e+02 4.194000000000000000e+03 1.432300000000000000e+04
6.060000000000000000e+02 4.186000000000000000e+03 1.434100000000000000e+04
6.120000000000000000e+02 4.197000000000000000e+03 1.429900000000000000e+04
6.180000000000000000e+02 4.214000000000000000e+03 1.427400000000000000e+04
6.240000000000000000e+02 4.206000000000000000e+03 1.429100000000000000e+04
6.300000000000000000e+02 4.206000000000000000e+03 1.433600000000000000e+04
6.360000000000000000e+02 4.188000000000000000e+03 1.435900000000000000e+04
6.420000000000000000e+02 4.190000000000000000e+03 1.430600000000000000e+04
6.480000000000000000e+02 4.187000000000000000e+03 1.432800000000000000e+04
6.540000000000000000e+02 4.155000000000000000e+03 1.431200000000000000e+04
6.600000000000000000e+02 4.204000000000000000e+03 1.423900000000000000e+04
6.660000000000000000e+02 4.241000000000000000e+03 1.422100000000000000e+04
6.720000000000000000e+02 4.231000000000000000e+03 1.423400000000000000e+04
6.780000000000000000e+02 4.219000000000000000e+03 1.420900000000000000e+04
6.840000000000000000e+02 4.239000000000000000e+03 1.431600000000000000e+04
6.900000000000000000e+02 4.213000000000000000e+03 1.426700000000000000e+04
6.960000000000000000e+02 4.221000000000000000e+03 1.429200000000000000e+04
7.020000000000000000e+02 4.223000000000000000e+03 1.425700000000000000e+04
7.080000000000000000e+02 4.237000000000000000e+03 1.424700000000000000e+04
7.140000000000000000e+02 4.251000000000000000e+03 1.427300000000000000e+04
7.200000000000000000e+02 4.251000000000000000e+03 1.445000000000000000e+04
7.260000000000000000e+02 4.248000000000000000e+03 1.432700000000000000e+04
7.320000000000000000e+02 4.234000000000000000e+03 1.436900000000000000e+04
7.380000000000000000e+02 4.270000000000000000e+03 1.424100000000000000e+04
7.440000000000000000e+02 4.277000000000000000e+03 1.431700000000000000e+04
7.500000000000000000e+02 4.258000000000000000e+03 1.432900000000000000e+04
7.560000000000000000e+02 4.243000000000000000e+03 1.424300000000000000e+04
7.620000000000000000e+02 4.214000000000000000e+03 1.424700000000000000e+04
7.680000000000000000e+02 4.251000000000000000e+03 1.416500000000000000e+04
7.740000000000000000e+02 4.191000000000000000e+03 1.426400000000000000e+04
7.800000000000000000e+02 4.218000000000000000e+03 1.414500000000000000e+04
7.860000000000000000e+02 4.257000000000000000e+03 1.408400000000000000e+04
7.920000000000000000e+02 4.188000000000000000e+03 1.403600000000000000e+04
7.980000000000000000e+02 4.178000000000000000e+03 1.408600000000000000e+04
8.040000000000000000e+02 4.189000000000000000e+03 1.417100000000000000e+04
8.100000000000000000e+02 4.164000000000000000e+03 1.408100000000000000e+04
8.160000000000000000e+02 4.217000000000000000e+03 1.407500000000000000e+04
8.220000000000000000e+02 4.177000000000000000e+03 1.411100000000000000e+04
8.280000000000000000e+02 4.220000000000000000e+03 1.404600000000000000e+04
8.340000000000000000e+02 4.202000000000000000e+03 1.403200000000000000e+04
8.400000000000000000e+02 4.212000000000000000e+03 1.403800000000000000e+04
8.460000000000000000e+02 4.215000000000000000e+03 1.398300000000000000e+04
8.520000000000000000e+02 4.193000000000000000e+03 1.403600000000000000e+04
8.580000000000000000e+02 4.154000000000000000e+03 1.393400000000000000e+04
8.640000000000000000e+02 4.159000000000000000e+03 1.377300000000000000e+04
8.700000000000000000e+02 4.148000000000000000e+03 1.400800000000000000e+04
8.760000000000000000e+02 4.117000000000000000e+03 1.395800000000000000e+04
8.820000000000000000e+02 4.159000000000000000e+03 1.404700000000000000e+04
8.880000000000000000e+02 4.166000000000000000e+03 1.398700000000000000e+04
8.940000000000000000e+02 4.154000000000000000e+03 1.417400000000000000e+04
9.000000000000000000e+02 4.178000000000000000e+03 1.418200000000000000e+04
9.060000000000000000e+02 4.201000000000000000e+03 1.410800000000000000e+04
9.120000000000000000e+02 4.148000000000000000e+03 1.410500000000000000e+04
9.180000000000000000e+02 4.165000000000000000e+03 1.402000000000000000e+04
9.240000000000000000e+02 4.142000000000000000e+03 1.407000000000000000e+04
9.300000000000000000e+02 4.128000000000000000e+03 1.409800000000000000e+04
9.360000000000000000e+02 4.139000000000000000e+03 1.407400000000000000e+04
9.420000000000000000e+02 4.166000000000000000e+03 1.415900000000000000e+04
9.480000000000000000e+02 4.124000000000000000e+03 1.400200000000000000e+04
9.540000000000000000e+02 4.122000000000000000e+03 1.404900000000000000e+04
9.600000000000000000e+02 4.145000000000000000e+03 1.404500000000000000e+04
9.660000000000000000e+02 4.176000000000000000e+03 1.421800000000000000e+04
9.720000000000000000e+02 4.132000000000000000e+03 1.421900000000000000e+04
9.780000000000000000e+02 4.095000000000000000e+03 1.448000000000000000e+04
9.840000000000000000e+02 4.143000000000000000e+03 1.442900000000000000e+04
9.900000000000000000e+02 4.133000000000000000e+03 1.454200000000000000e+04
9.960000000000000000e+02 4.169000000000000000e+03 1.450900000000000000e+04
1.002000000000000000e+03 4.131000000000000000e+03 1.454300000000000000e+04
1.008000000000000000e+03 4.107000000000000000e+03 1.455300000000000000e+04
1.014000000000000000e+03 4.145000000000000000e+03 1.450200000000000000e+04
1.020000000000000000e+03 4.127000000000000000e+03 1.453900000000000000e+04
1.026000000000000000e+03 4.124000000000000000e+03 1.450300000000000000e+04
1.032000000000000000e+03 4.148000000000000000e+03 1.450100000000000000e+04
1.038000000000000000e+03 4.175000000000000000e+03 1.455300000000000000e+04
1.044000000000000000e+03 4.165000000000000000e+03 1.457100000000000000e+04
1.050000000000000000e+03 4.155000000000000000e+03 1.458000000000000000e+04
1.056000000000000000e+03 4.175000000000000000e+03 1.452500000000000000e+04
1.062000000000000000e+03 4.208000000000000000e+03 1.451300000000000000e+04
1.068000000000000000e+03 4.186000000000000000e+03 1.451500000000000000e+04
1.074000000000000000e+03 4.141000000000000000e+03 1.456400000000000000e+04
1.080000000000000000e+03 4.132000000000000000e+03 1.457800000000000000e+04
1.086000000000000000e+03 4.201000000000000000e+03 1.443800000000000000e+04
1.092000000000000000e+03 4.187000000000000000e+03 1.449900000000000000e+04
1.098000000000000000e+03 4.162000000000000000e+03 1.457500000000000000e+04
1.104000000000000000e+03 4.151000000000000000e+03 1.456600000000000000e+04
1.110000000000000000e+03 4.160000000000000000e+03 1.460200000000000000e+04
1.116000000000000000e+03 4.131000000000000000e+03 1.459100000000000000e+04
1.122000000000000000e+03 4.172000000000000000e+03 1.453600000000000000e+04
1.128000000000000000e+03 4.160000000000000000e+03 1.463300000000000000e+04
1.134000000000000000e+03 4.195000000000000000e+03 1.459000000000000000e+04
1.140000000000000000e+03 4.123000000000000000e+03 1.454800000000000000e+04
1.146000000000000000e+03 4.152000000000000000e+03 1.459300000000000000e+04
1.152000000000000000e+03 4.157000000000000000e+03 1.455700000000000000e+04
1.158000000000000000e+03 4.184000000000000000e+03 1.457100000000000000e+04
1.164000000000000000e+03 4.153000000000000000e+03 1.461900000000000000e+04
1.170000000000000000e+03 4.147000000000000000e+03 1.448600000000000000e+04
1.176000000000000000e+03 4.133000000000000000e+03 1.457300000000000000e+04
1.182000000000000000e+03 4.153000000000000000e+03 1.449800000000000000e+04
1.188000000000000000e+03 4.143000000000000000e+03 1.460000000000000000e+04
1.194000000000000000e+03 4.109000000000000000e+03 1.475300000000000000e+04
1.200000000000000000e+03 4.157000000000000000e+03 1.467300000000000000e+04
1.206000000000000000e+03 4.131000000000000000e+03 1.456800000000000000e+04
1.212000000000000000e+03 4.164000000000000000e+03 1.449900000000000000e+04
1.218000000000000000e+03 4.137000000000000000e+03 1.463600000000000000e+04
1.224000000000000000e+03 4.165000000000000000e+03 1.458300000000000000e+04
1.230000000000000000e+03 4.146000000000000000e+03 1.454100000000000000e+04
1.236000000000000000e+03 4.191000000000000000e+03 1.450300000000000000e+04
1.242000000000000000e+03 4.173000000000000000e+03 1.459500000000000000e+04
1.248000000000000000e+03 4.140000000000000000e+03 1.463100000000000000e+04
1.254000000000000000e+03 4.185000000000000000e+03 1.452500000000000000e+04
1.260000000000000000e+03 4.177000000000000000e+03 1.461800000000000000e+04
1.266000000000000000e+03 4.134000000000000000e+03 1.455800000000000000e+04
1.272000000000000000e+03 4.121000000000000000e+03 1.461100000000000000e+04
1.278000000000000000e+03 4.150000000000000000e+03 1.457400000000000000e+04
