0.000000e+00 2.315419999999999978e-02
1.000000e+01 3.269899999999999890e-02
2.000000e+01 3.273689999999999933e-02
3.000000e+01 3.318299999999999722e-02
4.000000e+01 3.281939999999999857e-02
5.000000e+01 3.330580000000000346e-02
6.000000e+01 3.377030000000000309e-02
7.000000e+01 3.340490000000000126e-02
8.000000e+01 3.328749999999999765e-02
9.000000e+01 3.360950000000000049e-02
1.000000e+02 3.381089999999999790e-02
1.100000e+02 3.767009999999999803e-02
1.200000e+02 3.799799999999999706e-02
1.300000e+02 3.882390000000000146e-02
1.400000e+02 3.891870000000000052e-02
1.500000e+02 3.961279999999999663e-02
1.600000e+02 3.936900000000000122e-02
1.700000e+02 3.959309999999999913e-02
1.800000e+02 3.932120000000000060e-02
1.900000e+02 3.982349999999999779e-02
2.000000e+02 3.992600000000000315e-02
2.100000e+02 4.839059999999999889e-02
2.200000e+02 4.804030000000000106e-02
2.300000e+02 4.779719999999999802e-02
2.400000e+02 4.951210000000000333e-02
2.500000e+02 4.939009999999999928e-02
2.600000e+02 5.062350000000000183e-02
2.700000e+02 5.033080000000000193e-02
2.800000e+02 5.110719999999999846e-02
2.900000e+02 5.081089999999999912e-02
3.000000e+02 5.084890000000000243e-02
3.100000e+02 9.266359999999999875e-02
3.200000e+02 8.991970000000000518e-02
3.300000e+02 9.023029999999999939e-02
3.400000e+02 9.021419999999999439e-02
3.500000e+02 9.111510000000000442e-02
3.600000e+02 9.114379999999999704e-02
3.700000e+02 8.907329999999999415e-02
3.800000e+02 9.049300000000000399e-02
3.900000e+02 9.413729999999999321e-02
4.000000e+02 9.020670000000000077e-02
4.100000e+02 9.106129999999999780e-02
4.200000e+02 9.100220000000000531e-02
4.300000e+02 9.000199999999999867e-02
4.400000e+02 9.165410000000000224e-02
4.500000e+02 9.220100000000000517e-02
4.600000e+02 9.001430000000000542e-02
4.700000e+02 9.291280000000000372e-02
4.800000e+02 9.279099999999999848e-02
4.900000e+02 9.217419999999999780e-02
5.000000e+02 9.179619999999999447e-02
