0.000000000000000000e+00 3.381089999999999790e-02
1.000000000000000000e+01 3.767009999999999803e-02
2.000000000000000000e+01 3.799799999999999706e-02
3.000000000000000000e+01 3.882390000000000146e-02
4.000000000000000000e+01 3.891870000000000052e-02
5.000000000000000000e+01 3.961279999999999663e-02
6.000000000000000000e+01 3.936900000000000122e-02
7.000000000000000000e+01 3.959309999999999913e-02
8.000000000000000000e+01 3.932120000000000060e-02
9.000000000000000000e+01 3.982349999999999779e-02
1.000000000000000000e+02 3.992629999999999790e-02
