0.000000000000000000e+00 3.992600000000000315e-02
1.000000000000000000e+01 4.839059999999999889e-02
2.000000000000000000e+01 4.804030000000000106e-02
3.000000000000000000e+01 4.779719999999999802e-02
4.000000000000000000e+01 4.951210000000000333e-02
5.000000000000000000e+01 4.939009999999999928e-02
6.000000000000000000e+01 5.062350000000000183e-02
7.000000000000000000e+01 5.033080000000000193e-02
8.000000000000000000e+01 5.110719999999999846e-02
9.000000000000000000e+01 5.081089999999999912e-02
1.000000000000000000e+02 5.084899999999999837e-02
