0.000000000000000000e+00 5.084890000000000243e-02
1.000000000000000000e+01 9.266359999999999875e-02
2.000000000000000000e+01 8.991970000000000518e-02
3.000000000000000000e+01 9.023029999999999939e-02
4.000000000000000000e+01 9.021419999999999439e-02
5.000000000000000000e+01 9.111510000000000442e-02
6.000000000000000000e+01 9.114379999999999704e-02
7.000000000000000000e+01 8.907329999999999415e-02
8.000000000000000000e+01 9.049300000000000399e-02
9.000000000000000000e+01 9.413729999999999321e-02
1.000000000000000000e+02 9.020670000000000077e-02
1.100000000000000000e+02 9.106129999999999780e-02
1.200000000000000000e+02 9.100220000000000531e-02
1.300000000000000000e+02 9.000199999999999867e-02
1.400000000000000000e+02 9.165410000000000224e-02
1.500000000000000000e+02 9.220100000000000517e-02
1.600000000000000000e+02 9.001430000000000542e-02
1.700000000000000000e+02 9.291280000000000372e-02
1.800000000000000000e+02 9.279099999999999848e-02
1.900000000000000000e+02 9.217419999999999780e-02
2.000000000000000000e+02 9.179619999999999447e-02
