0.000000000000000000e+00 2.315419999999999978e-02
1.000000000000000000e+01 3.269899999999999890e-02
2.000000000000000000e+01 3.273689999999999933e-02
3.000000000000000000e+01 3.318299999999999722e-02
4.000000000000000000e+01 3.281939999999999857e-02
5.000000000000000000e+01 3.330580000000000346e-02
6.000000000000000000e+01 3.377030000000000309e-02
7.000000000000000000e+01 3.340490000000000126e-02
8.000000000000000000e+01 3.328749999999999765e-02
9.000000000000000000e+01 3.360950000000000049e-02
1.000000000000000000e+02 3.381089999999999790e-02
