0.000000000000000000e+00 -5.876960000000000000e+05
6.000000000000000000e+00 -5.875491562500000000e+05
1.200000000000000000e+01 -5.876942708333333721e+05
1.800000000000000000e+01 -5.878794843750000000e+05
2.400000000000000000e+01 -5.879079625000000233e+05
3.000000000000000000e+01 -5.879448645833333721e+05
3.600000000000000000e+01 -5.880695178571428405e+05
4.200000000000000000e+01 -5.880322232142856810e+05
4.800000000000000000e+01 -5.878810535714285215e+05
5.400000000000000000e+01 -5.878641428571428405e+05
6.000000000000000000e+01 -5.875024196428571595e+05
6.600000000000000000e+01 -5.873307589285714785e+05
7.200000000000000000e+01 -5.869703392857143190e+05
7.800000000000000000e+01 -5.864677321428571595e+05
8.400000000000000000e+01 -5.860789017857143190e+05
9.000000000000000000e+01 -5.857324732142856810e+05
9.600000000000000000e+01 -5.851809910714285215e+05
1.020000000000000000e+02 -5.848218928571428405e+05
1.080000000000000000e+02 -5.841570089285714785e+05
1.140000000000000000e+02 -5.836067946428571595e+05
1.200000000000000000e+02 -5.830181071428571595e+05
1.260000000000000000e+02 -5.822885267857143190e+05
1.320000000000000000e+02 -5.817026339285714785e+05
1.380000000000000000e+02 -5.813612232142856810e+05
1.440000000000000000e+02 -5.808731875000000000e+05
1.500000000000000000e+02 -5.806579910714285215e+05
1.560000000000000000e+02 -5.804795892857143190e+05
1.620000000000000000e+02 -5.803718928571428405e+05
1.680000000000000000e+02 -5.805582500000000000e+05
1.740000000000000000e+02 -5.804961607142856810e+05
1.800000000000000000e+02 -5.802795178571428405e+05
1.860000000000000000e+02 -5.802848928571428405e+05
1.920000000000000000e+02 -5.800778303571428405e+05
1.980000000000000000e+02 -5.798758125000000000e+05
2.040000000000000000e+02 -5.798179017857143190e+05
2.100000000000000000e+02 -5.796579285714285215e+05
2.160000000000000000e+02 -5.797173928571428405e+05
2.220000000000000000e+02 -5.796641339285714785e+05
2.280000000000000000e+02 -5.795827321428571595e+05
2.340000000000000000e+02 -5.794270803571428405e+05
2.400000000000000000e+02 -5.793147946428571595e+05
2.460000000000000000e+02 -5.791558125000000000e+05
2.520000000000000000e+02 -5.789813125000000000e+05
2.580000000000000000e+02 -5.787284464285714785e+05
2.640000000000000000e+02 -5.784553214285714785e+05
2.700000000000000000e+02 -5.781900982142856810e+05
2.760000000000000000e+02 -5.779861607142856810e+05
2.820000000000000000e+02 -5.778062857142856810e+05
2.880000000000000000e+02 -5.774850267857143190e+05
2.940000000000000000e+02 -5.774282321428571595e+05
3.000000000000000000e+02 -5.774214375000000000e+05
3.060000000000000000e+02 -5.773763035714285215e+05
3.120000000000000000e+02 -5.773585000000000000e+05
3.180000000000000000e+02 -5.774146785714285215e+05
3.240000000000000000e+02 -5.773965892857143190e+05
3.300000000000000000e+02 -5.775056875000000000e+05
3.360000000000000000e+02 -5.773545000000000000e+05
3.420000000000000000e+02 -5.770419375000000000e+05
3.480000000000000000e+02 -5.767386250000000000e+05
3.540000000000000000e+02 -5.765847946428571595e+05
3.600000000000000000e+02 -5.764862857142856810e+05
3.660000000000000000e+02 -5.766388928571428405e+05
3.720000000000000000e+02 -5.768272232142856810e+05
3.780000000000000000e+02 -5.771382321428571595e+05
3.840000000000000000e+02 -5.776994375000000000e+05
3.900000000000000000e+02 -5.781588035714285215e+05
3.960000000000000000e+02 -5.785844107142856810e+05
4.020000000000000000e+02 -5.787741696428571595e+05
4.080000000000000000e+02 -5.788555535714285215e+05
4.140000000000000000e+02 -5.788452857142856810e+05
4.200000000000000000e+02 -5.786714107142856810e+05
4.260000000000000000e+02 -5.784301875000000000e+05
4.320000000000000000e+02 -5.785420803571428405e+05
4.380000000000000000e+02 -5.784139375000000000e+05
4.440000000000000000e+02 -5.783873928571428405e+05
4.500000000000000000e+02 -5.782622321428571595e+05
4.560000000000000000e+02 -5.781213660714285215e+05
4.620000000000000000e+02 -5.781588303571428405e+05
4.680000000000000000e+02 -5.782290357142856810e+05
4.740000000000000000e+02 -5.780105267857143190e+05
4.800000000000000000e+02 -5.777766607142856810e+05
4.860000000000000000e+02 -5.777192767857143190e+05
4.920000000000000000e+02 -5.777145803571428405e+05
4.980000000000000000e+02 -5.775243750000000000e+05
5.040000000000000000e+02 -5.774126607142856810e+05
5.100000000000000000e+02 -5.778108839285714785e+05
5.160000000000000000e+02 -5.784860714285714785e+05
5.220000000000000000e+02 -5.792516250000000000e+05
5.280000000000000000e+02 -5.800713660714285215e+05
5.340000000000000000e+02 -5.808461607142856810e+05
5.400000000000000000e+02 -5.817223482142856810e+05
5.460000000000000000e+02 -5.823435535714285215e+05
5.520000000000000000e+02 -5.824772946428571595e+05
5.580000000000000000e+02 -5.822237232142856810e+05
5.640000000000000000e+02 -5.820710178571428405e+05
5.700000000000000000e+02 -5.817757500000000000e+05
5.760000000000000000e+02 -5.815283125000000000e+05
5.820000000000000000e+02 -5.811937232142856810e+05
5.880000000000000000e+02 -5.810458928571428405e+05
5.940000000000000000e+02 -5.807379107142856810e+05
6.000000000000000000e+02 -5.806345803571428405e+05
6.060000000000000000e+02 -5.803612678571428405e+05
6.120000000000000000e+02 -5.805846785714285215e+05
6.180000000000000000e+02 -5.806756517857143190e+05
6.240000000000000000e+02 -5.811613660714285215e+05
6.300000000000000000e+02 -5.817024553571428405e+05
6.360000000000000000e+02 -5.822542410714285215e+05
6.420000000000000000e+02 -5.827837232142856810e+05
6.480000000000000000e+02 -5.834651785714285215e+05
6.540000000000000000e+02 -5.839952142857143190e+05
6.600000000000000000e+02 -5.847010000000000000e+05
6.660000000000000000e+02 -5.851465178571428405e+05
6.720000000000000000e+02 -5.854947678571428405e+05
6.780000000000000000e+02 -5.859495982142856810e+05
6.840000000000000000e+02 -5.862751875000000000e+05
6.900000000000000000e+02 -5.866398750000000000e+05
6.960000000000000000e+02 -5.867545089285714785e+05
7.020000000000000000e+02 -5.866811250000000000e+05
7.080000000000000000e+02 -5.865516785714285215e+05
7.140000000000000000e+02 -5.863628660714285215e+05
7.200000000000000000e+02 -5.861926339285714785e+05
7.260000000000000000e+02 -5.861339107142856810e+05
7.320000000000000000e+02 -5.858835625000000000e+05
7.380000000000000000e+02 -5.856438125000000000e+05
7.440000000000000000e+02 -5.853892767857143190e+05
7.500000000000000000e+02 -5.853069642857143190e+05
7.560000000000000000e+02 -5.850865178571428405e+05
7.620000000000000000e+02 -5.847775000000000000e+05
7.680000000000000000e+02 -5.845359553571428405e+05
7.740000000000000000e+02 -5.844545892857143190e+05
7.800000000000000000e+02 -5.843510803571428405e+05
7.860000000000000000e+02 -5.843203035714285215e+05
7.920000000000000000e+02 -5.841580178571428405e+05
7.980000000000000000e+02 -5.840872678571428405e+05
8.040000000000000000e+02 -5.840219464285714785e+05
8.100000000000000000e+02 -5.838472589285714785e+05
8.160000000000000000e+02 -5.838808660714285215e+05
8.220000000000000000e+02 -5.836977767857143190e+05
8.280000000000000000e+02 -5.833586607142856810e+05
8.340000000000000000e+02 -5.831700714285714785e+05
8.400000000000000000e+02 -5.830850714285714785e+05
8.460000000000000000e+02 -5.830500178571428405e+05
8.520000000000000000e+02 -5.829669285714285215e+05
8.580000000000000000e+02 -5.824908214285714785e+05
8.640000000000000000e+02 -5.822712678571428405e+05
8.700000000000000000e+02 -5.822910803571428405e+05
8.760000000000000000e+02 -5.823932500000000000e+05
8.820000000000000000e+02 -5.824128392857143190e+05
8.880000000000000000e+02 -5.826945446428571595e+05
8.940000000000000000e+02 -5.830024732142856810e+05
9.000000000000000000e+02 -5.834083214285714785e+05
9.060000000000000000e+02 -5.837559642857143190e+05
9.120000000000000000e+02 -5.840248928571428405e+05
9.180000000000000000e+02 -5.840433750000000000e+05
9.240000000000000000e+02 -5.840200714285714785e+05
9.300000000000000000e+02 -5.836887857142856810e+05
9.360000000000000000e+02 -5.834792589285714785e+05
9.420000000000000000e+02 -5.833606517857143190e+05
9.480000000000000000e+02 -5.832250357142856810e+05
9.540000000000000000e+02 -5.830174732142856810e+05
9.600000000000000000e+02 -5.829583482142856810e+05
9.660000000000000000e+02 -5.835727500000000000e+05
9.720000000000000000e+02 -5.844661428571428405e+05
9.780000000000000000e+02 -5.852785625000000000e+05
9.840000000000000000e+02 -5.861346071428571595e+05
9.900000000000000000e+02 -5.869667589285714785e+05
9.960000000000000000e+02 -5.880116428571428405e+05
1.002000000000000000e+03 -5.888908392857143190e+05
1.008000000000000000e+03 -5.891014196428571595e+05
1.014000000000000000e+03 -5.891878571428571595e+05
1.020000000000000000e+03 -5.892216785714285215e+05
1.026000000000000000e+03 -5.891465357142856810e+05
1.032000000000000000e+03 -5.891472589285714785e+05
1.038000000000000000e+03 -5.890433928571428405e+05
1.044000000000000000e+03 -5.890367321428571595e+05
1.050000000000000000e+03 -5.890628303571428405e+05
1.056000000000000000e+03 -5.889970357142856810e+05
1.062000000000000000e+03 -5.891335803571428405e+05
1.068000000000000000e+03 -5.893193571428571595e+05
1.074000000000000000e+03 -5.894087232142856810e+05
1.080000000000000000e+03 -5.894495803571428405e+05
1.086000000000000000e+03 -5.894957321428571595e+05
1.092000000000000000e+03 -5.894200178571428405e+05
1.098000000000000000e+03 -5.894169732142856810e+05
1.104000000000000000e+03 -5.893733928571428405e+05
1.110000000000000000e+03 -5.892417678571428405e+05
1.116000000000000000e+03 -5.891133392857143190e+05
1.122000000000000000e+03 -5.891660625000000000e+05
1.128000000000000000e+03 -5.890762500000000000e+05
1.134000000000000000e+03 -5.891426696428571595e+05
1.140000000000000000e+03 -5.893271607142856810e+05
1.146000000000000000e+03 -5.893881160714285215e+05
1.152000000000000000e+03 -5.894775803571428405e+05
1.158000000000000000e+03 -5.895194821428571595e+05
1.164000000000000000e+03 -5.894264464285714785e+05
1.170000000000000000e+03 -5.895071517857143190e+05
1.176000000000000000e+03 -5.895328125000000000e+05
1.182000000000000000e+03 -5.893790982142856810e+05
1.188000000000000000e+03 -5.894101607142856810e+05
1.194000000000000000e+03 -5.893229017857143190e+05
1.200000000000000000e+03 -5.894198839285714785e+05
1.206000000000000000e+03 -5.893733839285714785e+05
1.212000000000000000e+03 -5.893756071428571595e+05
1.218000000000000000e+03 -5.894054464285714785e+05
1.224000000000000000e+03 -5.893771517857143190e+05
1.230000000000000000e+03 -5.893051339285714785e+05
1.236000000000000000e+03 -5.895013660714285215e+05
1.242000000000000000e+03 -5.894322946428571595e+05
1.248000000000000000e+03 -5.896822410714285215e+05
1.254000000000000000e+03 -5.897914107142856810e+05
1.260000000000000000e+03 -5.898734732142856810e+05
1.266000000000000000e+03 -5.899800803571428405e+05
1.272000000000000000e+03 -5.899757142857143190e+05
1.278000000000000000e+03 -5.899433125000000000e+05
