0.000000000000000000e+00 4.338481140000000069e-02
6.000000000000000000e+00 6.281212310000000576e-02
1.200000000000000000e+01 1.027556772666666784e-01
1.800000000000000000e+01 1.145677314500000155e-01
2.400000000000000000e+01 1.614247662200000155e-01
3.000000000000000000e+01 1.873093592166666932e-01
3.600000000000000000e+01 2.152114750285714362e-01
4.200000000000000000e+01 2.461147464625000336e-01
4.800000000000000000e+01 2.728627064888888842e-01
5.400000000000000000e+01 2.958050735400000741e-01
6.000000000000000000e+01 3.153277213272727697e-01
6.600000000000000000e+01 3.343904828333333357e-01
7.200000000000000000e+01 3.499573695230769332e-01
7.800000000000000000e+01 3.667010116571428613e-01
8.400000000000000000e+01 4.051520058785714751e-01
9.000000000000000000e+01 4.417876133571428943e-01
9.600000000000000000e+01 4.672403468642857272e-01
1.020000000000000000e+02 4.983927298571429465e-01
1.080000000000000000e+02 5.168166992357142719e-01
1.140000000000000000e+02 5.369888916214285990e-01
1.200000000000000000e+02 5.433373395857142851e-01
1.260000000000000000e+02 5.297296090428572635e-01
1.320000000000000000e+02 5.144330758428571349e-01
1.380000000000000000e+02 4.959759312357143179e-01
1.440000000000000000e+02 4.744218924500000489e-01
1.500000000000000000e+02 4.556397112285714424e-01
1.560000000000000000e+02 4.372593662928571656e-01
1.620000000000000000e+02 4.158914080071429153e-01
1.680000000000000000e+02 3.989900443071428549e-01
1.740000000000000000e+02 3.761001953214285765e-01
1.800000000000000000e+02 3.537496826285714824e-01
1.860000000000000000e+02 3.328685145857143146e-01
1.920000000000000000e+02 3.068488159214285971e-01
1.980000000000000000e+02 2.799536743214285917e-01
2.040000000000000000e+02 2.676999093214285641e-01
2.100000000000000000e+02 2.685473789785714493e-01
2.160000000000000000e+02 2.726070173000000318e-01
2.220000000000000000e+02 2.794104963071428749e-01
2.280000000000000000e+02 2.796076294000000018e-01
2.340000000000000000e+02 2.794603864428571449e-01
2.400000000000000000e+02 2.803711321142857149e-01
2.460000000000000000e+02 2.795899762785714615e-01
2.520000000000000000e+02 2.745398751357143174e-01
2.580000000000000000e+02 2.786077654142857241e-01
2.640000000000000000e+02 2.874063790428572074e-01
2.700000000000000000e+02 2.904421683142857091e-01
2.760000000000000000e+02 2.927578979500000123e-01
2.820000000000000000e+02 2.960704642142856780e-01
2.880000000000000000e+02 2.986569475428572096e-01
2.940000000000000000e+02 2.991473597928571704e-01
3.000000000000000000e+02 2.951141932857143102e-01
3.060000000000000000e+02 2.936278302857142641e-01
3.120000000000000000e+02 3.025348754857142830e-01
3.180000000000000000e+02 3.064163033571428718e-01
3.240000000000000000e+02 3.038501639214285510e-01
3.300000000000000000e+02 3.094236363000000267e-01
3.360000000000000000e+02 3.173094726499999796e-01
3.420000000000000000e+02 3.203124686000000110e-01
3.480000000000000000e+02 3.242754516500000461e-01
3.540000000000000000e+02 3.300558820357142875e-01
3.600000000000000000e+02 3.333252388928572008e-01
3.660000000000000000e+02 3.332588710071428539e-01
3.720000000000000000e+02 3.312965820142856899e-01
3.780000000000000000e+02 3.208063589785714043e-01
3.840000000000000000e+02 3.209570826857142678e-01
3.900000000000000000e+02 3.110514500071429045e-01
3.960000000000000000e+02 3.008851135142857069e-01
4.020000000000000000e+02 2.961950971214286077e-01
4.080000000000000000e+02 2.996383762785714278e-01
4.140000000000000000e+02 2.895709673071428791e-01
4.200000000000000000e+02 2.794951564142856837e-01
4.260000000000000000e+02 2.726085998428571799e-01
4.320000000000000000e+02 2.599857971071428686e-01
4.380000000000000000e+02 2.465999119214285773e-01
4.440000000000000000e+02 2.440578848571428872e-01
4.500000000000000000e+02 2.470940787071428946e-01
4.560000000000000000e+02 2.488665588285714492e-01
4.620000000000000000e+02 2.593899396500000121e-01
4.680000000000000000e+02 2.589870500714285817e-01
4.740000000000000000e+02 2.634706141785714828e-01
4.800000000000000000e+02 2.757394845071428624e-01
4.860000000000000000e+02 2.826030535000000343e-01
4.920000000000000000e+02 2.792756522000000019e-01
4.980000000000000000e+02 2.921095162500000342e-01
5.040000000000000000e+02 2.943200282500000320e-01
5.100000000000000000e+02 2.848080610000000013e-01
5.160000000000000000e+02 2.786153677785714877e-01
5.220000000000000000e+02 2.694004507857143405e-01
5.280000000000000000e+02 2.605335588714285389e-01
5.340000000000000000e+02 2.524062002928571524e-01
5.400000000000000000e+02 2.432761082214285886e-01
5.460000000000000000e+02 2.397443141357142871e-01
5.520000000000000000e+02 2.357737261071428669e-01
5.580000000000000000e+02 2.403357831642856934e-01
5.640000000000000000e+02 2.349297650928571790e-01
5.700000000000000000e+02 2.301798627428571498e-01
5.760000000000000000e+02 2.318459638142857382e-01
5.820000000000000000e+02 2.274209341714285848e-01
5.880000000000000000e+02 2.364325465428571693e-01
5.940000000000000000e+02 2.478055716214286053e-01
6.000000000000000000e+02 2.696103184142857323e-01
6.060000000000000000e+02 2.862107038142857052e-01
6.120000000000000000e+02 2.911365225571428406e-01
6.180000000000000000e+02 2.915277465785714450e-01
6.240000000000000000e+02 2.860301687999999842e-01
6.300000000000000000e+02 2.724246468642857466e-01
6.360000000000000000e+02 2.692245701285714277e-01
6.420000000000000000e+02 2.539572915142857545e-01
6.480000000000000000e+02 2.462049643357142881e-01
6.540000000000000000e+02 2.220831854714285514e-01
6.600000000000000000e+02 2.090697525071428531e-01
6.660000000000000000e+02 1.930356687285714468e-01
6.720000000000000000e+02 1.758326762642857255e-01
6.780000000000000000e+02 1.605603452428571443e-01
6.840000000000000000e+02 1.431417216714285789e-01
6.900000000000000000e+02 1.310670782857142891e-01
6.960000000000000000e+02 1.343011027714285655e-01
7.020000000000000000e+02 1.317086885714285616e-01
7.080000000000000000e+02 1.404646630428571519e-01
7.140000000000000000e+02 1.484045015642857235e-01
7.200000000000000000e+02 1.510142305714285982e-01
7.260000000000000000e+02 1.585634157499999919e-01
7.320000000000000000e+02 1.660563191071428579e-01
7.380000000000000000e+02 1.892463230714285793e-01
7.440000000000000000e+02 1.948117239857142802e-01
7.500000000000000000e+02 2.097526628785714720e-01
7.560000000000000000e+02 2.236612409357143227e-01
7.620000000000000000e+02 2.478392883357143084e-01
7.680000000000000000e+02 2.546484497142857406e-01
7.740000000000000000e+02 2.650955348500000364e-01
7.800000000000000000e+02 2.686030840285714150e-01
7.860000000000000000e+02 2.860283769928571584e-01
7.920000000000000000e+02 2.992310677714286049e-01
7.980000000000000000e+02 3.154619646357143536e-01
8.040000000000000000e+02 3.314603062214285800e-01
8.100000000000000000e+02 3.471159606928572172e-01
8.160000000000000000e+02 3.493508710571428533e-01
8.220000000000000000e+02 3.565274196071429036e-01
8.280000000000000000e+02 3.717551356714285937e-01
8.340000000000000000e+02 3.779358590285714636e-01
8.400000000000000000e+02 3.831943115214285767e-01
8.460000000000000000e+02 3.849473458428572248e-01
8.520000000000000000e+02 3.986802804142857148e-01
8.580000000000000000e+02 4.023887712785714221e-01
8.640000000000000000e+02 4.110094796357142699e-01
8.700000000000000000e+02 4.113441441142857147e-01
8.760000000000000000e+02 4.080578055214285627e-01
8.820000000000000000e+02 4.025767909428571434e-01
8.880000000000000000e+02 3.957977957571428562e-01
8.940000000000000000e+02 3.880149396642856852e-01
9.000000000000000000e+02 3.835313406785713641e-01
9.060000000000000000e+02 3.785602085642856829e-01
9.120000000000000000e+02 3.791074323357142561e-01
9.180000000000000000e+02 3.752485787500000058e-01
9.240000000000000000e+02 3.733635131785714711e-01
9.300000000000000000e+02 3.682180960428571015e-01
9.360000000000000000e+02 3.673451293857142863e-01
9.420000000000000000e+02 3.675018258142857541e-01
9.480000000000000000e+02 3.688807599642857094e-01
9.540000000000000000e+02 3.694093767357143343e-01
9.600000000000000000e+02 3.650535661928571707e-01
9.660000000000000000e+02 3.392844970642857616e-01
9.720000000000000000e+02 3.185925003000000255e-01
9.780000000000000000e+02 2.992838073642857255e-01
9.840000000000000000e+02 2.853868198857142935e-01
9.900000000000000000e+02 2.676271719714286013e-01
9.960000000000000000e+02 2.404429775714285733e-01
1.002000000000000000e+03 2.188215407142857227e-01
1.008000000000000000e+03 1.893977645785714370e-01
1.014000000000000000e+03 1.654761668571428923e-01
1.020000000000000000e+03 1.361156478785714163e-01
1.026000000000000000e+03 1.096275778785714416e-01
1.032000000000000000e+03 7.618986286428573729e-02
1.038000000000000000e+03 4.703800042142857601e-02
1.044000000000000000e+03 2.223259390714285924e-02
1.050000000000000000e+03 2.383196612142857163e-02
1.056000000000000000e+03 2.189247342857143092e-02
1.062000000000000000e+03 1.808438790714285774e-02
1.068000000000000000e+03 1.243234497142857269e-02
1.074000000000000000e+03 9.254706614285712271e-03
1.080000000000000000e+03 9.505436092857142902e-03
1.086000000000000000e+03 4.509138092857142323e-03
1.092000000000000000e+03 1.095432144285714282e-02
1.098000000000000000e+03 1.483622451428571500e-02
1.104000000000000000e+03 1.096071928571428801e-02
1.110000000000000000e+03 1.262982250000000209e-02
1.116000000000000000e+03 1.303880758571428558e-02
1.122000000000000000e+03 1.120832635714285805e-02
1.128000000000000000e+03 1.691372240714286018e-02
1.134000000000000000e+03 2.516688707857142951e-02
1.140000000000000000e+03 2.390355626428571773e-02
1.146000000000000000e+03 2.435211687142857170e-02
1.152000000000000000e+03 2.877782858571428792e-02
1.158000000000000000e+03 2.722369114285714403e-02
1.164000000000000000e+03 2.717915062857143016e-02
1.170000000000000000e+03 2.749056812857142776e-02
1.176000000000000000e+03 2.129090387142857158e-02
1.182000000000000000e+03 1.543585092857142731e-02
1.188000000000000000e+03 1.884524505714285647e-02
1.194000000000000000e+03 2.087234892142856776e-02
1.200000000000000000e+03 2.369791482857142723e-02
1.206000000000000000e+03 2.821475600714285978e-02
1.212000000000000000e+03 2.250298592142857199e-02
1.218000000000000000e+03 1.619909551428571487e-02
1.224000000000000000e+03 1.713068674285714299e-02
1.230000000000000000e+03 1.772699011428571433e-02
1.236000000000000000e+03 1.479350715714285690e-02
1.242000000000000000e+03 1.809951631428571503e-02
1.248000000000000000e+03 2.090482321428571363e-02
1.254000000000000000e+03 2.414487045000000137e-02
1.260000000000000000e+03 2.580577542142857214e-02
1.266000000000000000e+03 2.657029906428571425e-02
1.272000000000000000e+03 2.282888524285714427e-02
1.278000000000000000e+03 2.429968013571428762e-02
1.280000000000000000e+03 2.212896077142856993e-02
