0.000000000000000000e+00 4.616000000000000000e+03 1.395400000000000000e+04
6.000000000000000000e+00 4.594000000000000000e+03 1.397500000000000000e+04
1.200000000000000000e+01 4.595333333333333030e+03 1.401300000000000000e+04
1.800000000000000000e+01 4.594250000000000000e+03 1.403500000000000000e+04
2.400000000000000000e+01 4.595600000000000364e+03 1.400200000000000000e+04
3.000000000000000000e+01 4.592166666666666970e+03 1.405700000000000000e+04
3.600000000000000000e+01 4.589285714285714675e+03 1.406500000000000000e+04
4.200000000000000000e+01 4.583142857142856883e+03 1.406300000000000000e+04
4.800000000000000000e+01 4.580571428571428442e+03 1.407900000000000000e+04
5.400000000000000000e+01 4.575857142857143117e+03 1.404100000000000000e+04
6.000000000000000000e+01 4.567000000000000000e+03 1.405500000000000000e+04
6.600000000000000000e+01 4.555428571428571558e+03 1.403500000000000000e+04
7.200000000000000000e+01 4.545857142857143117e+03 1.402700000000000000e+04
7.800000000000000000e+01 4.532428571428571558e+03 1.400600000000000000e+04
8.400000000000000000e+01 4.515000000000000000e+03 1.400700000000000000e+04
9.000000000000000000e+01 4.502428571428571558e+03 1.398000000000000000e+04
9.600000000000000000e+01 4.490000000000000000e+03 1.393600000000000000e+04
1.020000000000000000e+02 4.479000000000000000e+03 1.393700000000000000e+04
1.080000000000000000e+02 4.467714285714285325e+03 1.392300000000000000e+04
1.140000000000000000e+02 4.454714285714285325e+03 1.390800000000000000e+04
1.200000000000000000e+02 4.443428571428571558e+03 1.397300000000000000e+04
1.260000000000000000e+02 4.426714285714285325e+03 1.415700000000000000e+04
1.320000000000000000e+02 4.410142857142856883e+03 1.428800000000000000e+04
1.380000000000000000e+02 4.393142857142856883e+03 1.449300000000000000e+04
1.440000000000000000e+02 4.376428571428571558e+03 1.453900000000000000e+04
1.500000000000000000e+02 4.365142857142856883e+03 1.437000000000000000e+04
1.560000000000000000e+02 4.359142857142856883e+03 1.437200000000000000e+04
1.620000000000000000e+02 4.351285714285714675e+03 1.439500000000000000e+04
1.680000000000000000e+02 4.356428571428571558e+03 1.434100000000000000e+04
1.740000000000000000e+02 4.355428571428571558e+03 1.439700000000000000e+04
1.800000000000000000e+02 4.354142857142856883e+03 1.443600000000000000e+04
1.860000000000000000e+02 4.361000000000000000e+03 1.432600000000000000e+04
1.920000000000000000e+02 4.356857142857143117e+03 1.440200000000000000e+04
1.980000000000000000e+02 4.350571428571428442e+03 1.444800000000000000e+04
2.040000000000000000e+02 4.349285714285714675e+03 1.441100000000000000e+04
2.100000000000000000e+02 4.345714285714285325e+03 1.442200000000000000e+04
2.160000000000000000e+02 4.345571428571428442e+03 1.445800000000000000e+04
2.220000000000000000e+02 4.356428571428571558e+03 1.448800000000000000e+04
2.280000000000000000e+02 4.344000000000000000e+03 1.443600000000000000e+04
2.340000000000000000e+02 4.343285714285714675e+03 1.453400000000000000e+04
2.400000000000000000e+02 4.341285714285714675e+03 1.451100000000000000e+04
2.460000000000000000e+02 4.341000000000000000e+03 1.452800000000000000e+04
2.520000000000000000e+02 4.335000000000000000e+03 1.443400000000000000e+04
2.580000000000000000e+02 4.333000000000000000e+03 1.447700000000000000e+04
2.640000000000000000e+02 4.316285714285714675e+03 1.462400000000000000e+04
2.700000000000000000e+02 4.320142857142856883e+03 1.452000000000000000e+04
2.760000000000000000e+02 4.313857142857143117e+03 1.458400000000000000e+04
2.820000000000000000e+02 4.309857142857143117e+03 1.456900000000000000e+04
2.880000000000000000e+02 4.296857142857143117e+03 1.463000000000000000e+04
2.940000000000000000e+02 4.297857142857143117e+03 1.457900000000000000e+04
3.000000000000000000e+02 4.293285714285714675e+03 1.462200000000000000e+04
3.060000000000000000e+02 4.287857142857143117e+03 1.451800000000000000e+04
3.120000000000000000e+02 4.280142857142856883e+03 1.457200000000000000e+04
3.180000000000000000e+02 4.274142857142856883e+03 1.452900000000000000e+04
3.240000000000000000e+02 4.271571428571428442e+03 1.454000000000000000e+04
3.300000000000000000e+02 4.271714285714285325e+03 1.451300000000000000e+04
3.360000000000000000e+02 4.262857142857143117e+03 1.455500000000000000e+04
3.420000000000000000e+02 4.257857142857143117e+03 1.448600000000000000e+04
3.480000000000000000e+02 4.252857142857143117e+03 1.455300000000000000e+04
3.540000000000000000e+02 4.254714285714285325e+03 1.452600000000000000e+04
3.600000000000000000e+02 4.253428571428571558e+03 1.445900000000000000e+04
3.660000000000000000e+02 4.246428571428571558e+03 1.456400000000000000e+04
3.720000000000000000e+02 4.242571428571428442e+03 1.450600000000000000e+04
3.780000000000000000e+02 4.239142857142856883e+03 1.451900000000000000e+04
3.840000000000000000e+02 4.231000000000000000e+03 1.458700000000000000e+04
3.900000000000000000e+02 4.236571428571428442e+03 1.446800000000000000e+04
3.960000000000000000e+02 4.229285714285714675e+03 1.446200000000000000e+04
4.020000000000000000e+02 4.231857142857143117e+03 1.451000000000000000e+04
4.080000000000000000e+02 4.233857142857143117e+03 1.450400000000000000e+04
4.140000000000000000e+02 4.238714285714285325e+03 1.445300000000000000e+04
4.200000000000000000e+02 4.238857142857143117e+03 1.442700000000000000e+04
4.260000000000000000e+02 4.240000000000000000e+03 1.442000000000000000e+04
4.320000000000000000e+02 4.238142857142856883e+03 1.446900000000000000e+04
4.380000000000000000e+02 4.239428571428571558e+03 1.445500000000000000e+04
4.440000000000000000e+02 4.242285714285714675e+03 1.441000000000000000e+04
4.500000000000000000e+02 4.237428571428571558e+03 1.450900000000000000e+04
4.560000000000000000e+02 4.229142857142856883e+03 1.449000000000000000e+04
4.620000000000000000e+02 4.227285714285714675e+03 1.438200000000000000e+04
4.680000000000000000e+02 4.229285714285714675e+03 1.444000000000000000e+04
4.740000000000000000e+02 4.218285714285714675e+03 1.445100000000000000e+04
4.800000000000000000e+02 4.212428571428571558e+03 1.439200000000000000e+04
4.860000000000000000e+02 4.199571428571428442e+03 1.433400000000000000e+04
4.920000000000000000e+02 4.197857142857143117e+03 1.440400000000000000e+04
4.980000000000000000e+02 4.192000000000000000e+03 1.445400000000000000e+04
5.040000000000000000e+02 4.182428571428571558e+03 1.449600000000000000e+04
5.100000000000000000e+02 4.181714285714285325e+03 1.444100000000000000e+04
5.160000000000000000e+02 4.181000000000000000e+03 1.452100000000000000e+04
5.220000000000000000e+02 4.182000000000000000e+03 1.441600000000000000e+04
5.280000000000000000e+02 4.191285714285714675e+03 1.445500000000000000e+04
5.340000000000000000e+02 4.200000000000000000e+03 1.437400000000000000e+04
5.400000000000000000e+02 4.209142857142856883e+03 1.437100000000000000e+04
5.460000000000000000e+02 4.215714285714285325e+03 1.441000000000000000e+04
5.520000000000000000e+02 4.217857142857143117e+03 1.433700000000000000e+04
5.580000000000000000e+02 4.220142857142856883e+03 1.438500000000000000e+04
5.640000000000000000e+02 4.222000000000000000e+03 1.439900000000000000e+04
5.700000000000000000e+02 4.218285714285714675e+03 1.437900000000000000e+04
5.760000000000000000e+02 4.212428571428571558e+03 1.435900000000000000e+04
5.820000000000000000e+02 4.212285714285714675e+03 1.436300000000000000e+04
5.880000000000000000e+02 4.215428571428571558e+03 1.435400000000000000e+04
5.940000000000000000e+02 4.216428571428571558e+03 1.420300000000000000e+04
6.000000000000000000e+02 4.216142857142856883e+03 1.432300000000000000e+04
6.060000000000000000e+02 4.211428571428571558e+03 1.434100000000000000e+04
6.120000000000000000e+02 4.208142857142856883e+03 1.429900000000000000e+04
6.180000000000000000e+02 4.208714285714285325e+03 1.427400000000000000e+04
6.240000000000000000e+02 4.207571428571428442e+03 1.429100000000000000e+04
6.300000000000000000e+02 4.206571428571428442e+03 1.433600000000000000e+04
6.360000000000000000e+02 4.198714285714285325e+03 1.435900000000000000e+04
6.420000000000000000e+02 4.198142857142856883e+03 1.430600000000000000e+04
6.480000000000000000e+02 4.198285714285714675e+03 1.432800000000000000e+04
6.540000000000000000e+02 4.192285714285714675e+03 1.431200000000000000e+04
6.600000000000000000e+02 4.190857142857143117e+03 1.423900000000000000e+04
6.660000000000000000e+02 4.195857142857143117e+03 1.422100000000000000e+04
6.720000000000000000e+02 4.199428571428571558e+03 1.423400000000000000e+04
6.780000000000000000e+02 4.203857142857143117e+03 1.420900000000000000e+04
6.840000000000000000e+02 4.210857142857143117e+03 1.431600000000000000e+04
6.900000000000000000e+02 4.214571428571428442e+03 1.426700000000000000e+04
6.960000000000000000e+02 4.224000000000000000e+03 1.429200000000000000e+04
7.020000000000000000e+02 4.226714285714285325e+03 1.425700000000000000e+04
7.080000000000000000e+02 4.226142857142856883e+03 1.424700000000000000e+04
7.140000000000000000e+02 4.229000000000000000e+03 1.427300000000000000e+04
7.200000000000000000e+02 4.233571428571428442e+03 1.445000000000000000e+04
7.260000000000000000e+02 4.234857142857143117e+03 1.432700000000000000e+04
7.320000000000000000e+02 4.237857142857143117e+03 1.436900000000000000e+04
7.380000000000000000e+02 4.244857142857143117e+03 1.424100000000000000e+04
7.440000000000000000e+02 4.252571428571428442e+03 1.431700000000000000e+04
7.500000000000000000e+02 4.255571428571428442e+03 1.432900000000000000e+04
7.560000000000000000e+02 4.254428571428571558e+03 1.424300000000000000e+04
7.620000000000000000e+02 4.249142857142856883e+03 1.424700000000000000e+04
7.680000000000000000e+02 4.249571428571428442e+03 1.416500000000000000e+04
7.740000000000000000e+02 4.243428571428571558e+03 1.426400000000000000e+04
7.800000000000000000e+02 4.236000000000000000e+03 1.414500000000000000e+04
7.860000000000000000e+02 4.233142857142856883e+03 1.408400000000000000e+04
7.920000000000000000e+02 4.223142857142856883e+03 1.403600000000000000e+04
7.980000000000000000e+02 4.213857142857143117e+03 1.408600000000000000e+04
8.040000000000000000e+02 4.210285714285714675e+03 1.417100000000000000e+04
8.100000000000000000e+02 4.197857142857143117e+03 1.408100000000000000e+04
8.160000000000000000e+02 4.201571428571428442e+03 1.407500000000000000e+04
8.220000000000000000e+02 4.195714285714285325e+03 1.411100000000000000e+04
8.280000000000000000e+02 4.190428571428571558e+03 1.404600000000000000e+04
8.340000000000000000e+02 4.192428571428571558e+03 1.403200000000000000e+04
8.400000000000000000e+02 4.197285714285714675e+03 1.403800000000000000e+04
8.460000000000000000e+02 4.201000000000000000e+03 1.398300000000000000e+04
8.520000000000000000e+02 4.205142857142856883e+03 1.403600000000000000e+04
8.580000000000000000e+02 4.196142857142856883e+03 1.393400000000000000e+04
8.640000000000000000e+02 4.193571428571428442e+03 1.377300000000000000e+04
8.700000000000000000e+02 4.183285714285714675e+03 1.400800000000000000e+04
8.760000000000000000e+02 4.171142857142856883e+03 1.395800000000000000e+04
8.820000000000000000e+02 4.163571428571428442e+03 1.404700000000000000e+04
8.880000000000000000e+02 4.156571428571428442e+03 1.398700000000000000e+04
8.940000000000000000e+02 4.151000000000000000e+03 1.417400000000000000e+04
9.000000000000000000e+02 4.154428571428571558e+03 1.418200000000000000e+04
9.060000000000000000e+02 4.160428571428571558e+03 1.410800000000000000e+04
9.120000000000000000e+02 4.160428571428571558e+03 1.410500000000000000e+04
9.180000000000000000e+02 4.167285714285714675e+03 1.402000000000000000e+04
9.240000000000000000e+02 4.164857142857143117e+03 1.407000000000000000e+04
9.300000000000000000e+02 4.159428571428571558e+03 1.409800000000000000e+04
9.360000000000000000e+02 4.157285714285714675e+03 1.407400000000000000e+04
9.420000000000000000e+02 4.155571428571428442e+03 1.415900000000000000e+04
9.480000000000000000e+02 4.144571428571428442e+03 1.400200000000000000e+04
9.540000000000000000e+02 4.140857142857143117e+03 1.404900000000000000e+04
9.600000000000000000e+02 4.138000000000000000e+03 1.404500000000000000e+04
9.660000000000000000e+02 4.142857142857143117e+03 1.421800000000000000e+04
9.720000000000000000e+02 4.143428571428571558e+03 1.421900000000000000e+04
9.780000000000000000e+02 4.137142857142856883e+03 1.448000000000000000e+04
9.840000000000000000e+02 4.133857142857143117e+03 1.442900000000000000e+04
9.900000000000000000e+02 4.135142857142856883e+03 1.454200000000000000e+04
9.960000000000000000e+02 4.141857142857143117e+03 1.450900000000000000e+04
1.002000000000000000e+03 4.139857142857143117e+03 1.454300000000000000e+04
1.008000000000000000e+03 4.130000000000000000e+03 1.455300000000000000e+04
1.014000000000000000e+03 4.131857142857143117e+03 1.450200000000000000e+04
1.020000000000000000e+03 4.136428571428571558e+03 1.453900000000000000e+04
1.026000000000000000e+03 4.133714285714285325e+03 1.450300000000000000e+04
1.032000000000000000e+03 4.135857142857143117e+03 1.450100000000000000e+04
1.038000000000000000e+03 4.136714285714285325e+03 1.455300000000000000e+04
1.044000000000000000e+03 4.141571428571428442e+03 1.457100000000000000e+04
1.050000000000000000e+03 4.148428571428571558e+03 1.458000000000000000e+04
1.056000000000000000e+03 4.152714285714285325e+03 1.452500000000000000e+04
1.062000000000000000e+03 4.164285714285714675e+03 1.451300000000000000e+04
1.068000000000000000e+03 4.173142857142856883e+03 1.451500000000000000e+04
1.074000000000000000e+03 4.172142857142856883e+03 1.456400000000000000e+04
1.080000000000000000e+03 4.166000000000000000e+03 1.457800000000000000e+04
1.086000000000000000e+03 4.171142857142856883e+03 1.443800000000000000e+04
1.092000000000000000e+03 4.175714285714285325e+03 1.449900000000000000e+04
1.098000000000000000e+03 4.173857142857143117e+03 1.457500000000000000e+04
1.104000000000000000e+03 4.165714285714285325e+03 1.456600000000000000e+04
1.110000000000000000e+03 4.162000000000000000e+03 1.460200000000000000e+04
1.116000000000000000e+03 4.160571428571428442e+03 1.459100000000000000e+04
1.122000000000000000e+03 4.166285714285714675e+03 1.453600000000000000e+04
1.128000000000000000e+03 4.160428571428571558e+03 1.463300000000000000e+04
1.134000000000000000e+03 4.161571428571428442e+03 1.459000000000000000e+04
1.140000000000000000e+03 4.156000000000000000e+03 1.454800000000000000e+04
1.146000000000000000e+03 4.156142857142856883e+03 1.459300000000000000e+04
1.152000000000000000e+03 4.155714285714285325e+03 1.455700000000000000e+04
1.158000000000000000e+03 4.163285714285714675e+03 1.457100000000000000e+04
1.164000000000000000e+03 4.160571428571428442e+03 1.461900000000000000e+04
1.170000000000000000e+03 4.158714285714285325e+03 1.448600000000000000e+04
1.176000000000000000e+03 4.149857142857143117e+03 1.457300000000000000e+04
1.182000000000000000e+03 4.154142857142856883e+03 1.449800000000000000e+04
1.188000000000000000e+03 4.152857142857143117e+03 1.460000000000000000e+04
1.194000000000000000e+03 4.146000000000000000e+03 1.475300000000000000e+04
1.200000000000000000e+03 4.142142857142856883e+03 1.467300000000000000e+04
1.206000000000000000e+03 4.139000000000000000e+03 1.456800000000000000e+04
1.212000000000000000e+03 4.141428571428571558e+03 1.449900000000000000e+04
1.218000000000000000e+03 4.142000000000000000e+03 1.463600000000000000e+04
1.224000000000000000e+03 4.143714285714285325e+03 1.458300000000000000e+04
1.230000000000000000e+03 4.144142857142856883e+03 1.454100000000000000e+04
1.236000000000000000e+03 4.155857142857143117e+03 1.450300000000000000e+04
1.242000000000000000e+03 4.158142857142856883e+03 1.459500000000000000e+04
1.248000000000000000e+03 4.159428571428571558e+03 1.463100000000000000e+04
1.254000000000000000e+03 4.162428571428571558e+03 1.452500000000000000e+04
1.260000000000000000e+03 4.168142857142856883e+03 1.461800000000000000e+04
1.266000000000000000e+03 4.163714285714285325e+03 1.455800000000000000e+04
1.272000000000000000e+03 4.160142857142856883e+03 1.461100000000000000e+04
1.278000000000000000e+03 4.154285714285714675e+03 1.457400000000000000e+04
