0.000000000000000000e+00 -6.580588281199999619e+04
6.000000000000000000e+00 -6.575185546849999810e+04
1.200000000000000000e+01 -6.560852343733333691e+04
1.800000000000000000e+01 -6.532196093750000000e+04
2.400000000000000000e+01 -6.521538281239999924e+04
3.000000000000000000e+01 -6.503554231766666635e+04
3.600000000000000000e+01 -6.480669308028571686e+04
4.200000000000000000e+01 -6.449047991071428260e+04
4.800000000000000000e+01 -6.411261551342857274e+04
5.400000000000000000e+01 -6.371950390628571768e+04
6.000000000000000000e+01 -6.337819977671428205e+04
6.600000000000000000e+01 -6.295709040185714548e+04
7.200000000000000000e+01 -6.257201283485714521e+04
7.800000000000000000e+01 -6.216473660714285506e+04
8.400000000000000000e+01 -6.165704799099999946e+04
9.000000000000000000e+01 -6.119958426328571659e+04
9.600000000000000000e+01 -6.073125669628571632e+04
1.020000000000000000e+02 -6.024740011157142726e+04
1.080000000000000000e+02 -5.975173381685714412e+04
1.140000000000000000e+02 -5.925142857128571632e+04
1.200000000000000000e+02 -5.889905357128571632e+04
1.260000000000000000e+02 -5.896638504457142699e+04
1.320000000000000000e+02 -5.944907868299999973e+04
1.380000000000000000e+02 -6.007237220985714521e+04
1.440000000000000000e+02 -6.080279073657142726e+04
1.500000000000000000e+02 -6.155205915171428205e+04
1.560000000000000000e+02 -6.236889229914285534e+04
1.620000000000000000e+02 -6.303229129471428314e+04
1.680000000000000000e+02 -6.339518694200000027e+04
1.740000000000000000e+02 -6.341225837057142780e+04
1.800000000000000000e+02 -6.331570089285714494e+04
1.860000000000000000e+02 -6.321572098214285506e+04
1.920000000000000000e+02 -6.312647991071428260e+04
1.980000000000000000e+02 -6.303570424099999946e+04
2.040000000000000000e+02 -6.299767801342857274e+04
2.100000000000000000e+02 -6.300674888400000054e+04
2.160000000000000000e+02 -6.291252343757142808e+04
2.220000000000000000e+02 -6.284216015628571768e+04
2.280000000000000000e+02 -6.267909095985714521e+04
2.340000000000000000e+02 -6.264837500000000000e+04
2.400000000000000000e+02 -6.266031250000000000e+04
2.460000000000000000e+02 -6.268600111599999946e+04
2.520000000000000000e+02 -6.261875167399999918e+04
2.580000000000000000e+02 -6.264350781228571577e+04
2.640000000000000000e+02 -6.259118247757142672e+04
2.700000000000000000e+02 -6.274257142842857138e+04
2.760000000000000000e+02 -6.275356696414285398e+04
2.820000000000000000e+02 -6.274892522299999837e+04
2.880000000000000000e+02 -6.277186495514285343e+04
2.940000000000000000e+02 -6.276443359357142617e+04
3.000000000000000000e+02 -6.276358426328571659e+04
3.060000000000000000e+02 -6.293725781228571577e+04
3.120000000000000000e+02 -6.288805524528571550e+04
3.180000000000000000e+02 -6.291229296857142617e+04
3.240000000000000000e+02 -6.285240122757142672e+04
3.300000000000000000e+02 -6.278033147314285452e+04
3.360000000000000000e+02 -6.281725781242857192e+04
3.420000000000000000e+02 -6.270476004457142699e+04
3.480000000000000000e+02 -6.260209263385714439e+04
3.540000000000000000e+02 -6.252195703128571768e+04
3.600000000000000000e+02 -6.241501506700000027e+04
3.660000000000000000e+02 -6.226556194200000027e+04
3.720000000000000000e+02 -6.228892131700000027e+04
3.780000000000000000e+02 -6.219582645100000082e+04
3.840000000000000000e+02 -6.214113839300000109e+04
3.900000000000000000e+02 -6.207175055814285588e+04
3.960000000000000000e+02 -6.203056138400000054e+04
4.020000000000000000e+02 -6.204350669642857247e+04
4.080000000000000000e+02 -6.217290457585715194e+04
4.140000000000000000e+02 -6.217317075885714439e+04
4.200000000000000000e+02 -6.216845758914285398e+04
4.260000000000000000e+02 -6.235203013371428096e+04
4.320000000000000000e+02 -6.243726729900000646e+04
4.380000000000000000e+02 -6.255122209814285452e+04
4.440000000000000000e+02 -6.260404464285714494e+04
4.500000000000000000e+02 -6.258785435271427559e+04
4.560000000000000000e+02 -6.267156529014285479e+04
4.620000000000000000e+02 -6.271117354900000646e+04
4.680000000000000000e+02 -6.261239899542857165e+04
4.740000000000000000e+02 -6.259386104899999918e+04
4.800000000000000000e+02 -6.265529575885714439e+04
4.860000000000000000e+02 -6.267467299099999946e+04
4.920000000000000000e+02 -6.271875669628571632e+04
4.980000000000000000e+02 -6.277247991057142644e+04
5.040000000000000000e+02 -6.287974051328571659e+04
5.100000000000000000e+02 -6.287356026785714494e+04
5.160000000000000000e+02 -6.294236886157142726e+04
5.220000000000000000e+02 -6.291545758914285398e+04
5.280000000000000000e+02 -6.289287388371428096e+04
5.340000000000000000e+02 -6.290789955342857138e+04
5.400000000000000000e+02 -6.282199107142857247e+04
5.460000000000000000e+02 -6.279068415185714548e+04
5.520000000000000000e+02 -6.296487500000000000e+04
5.580000000000000000e+02 -6.296039174114285561e+04
5.640000000000000000e+02 -6.302337165185714548e+04
5.700000000000000000e+02 -6.306298325900000054e+04
5.760000000000000000e+02 -6.304986551342857274e+04
5.820000000000000000e+02 -6.308152343742857192e+04
5.880000000000000000e+02 -6.315843638385714439e+04
5.940000000000000000e+02 -6.310731082585714466e+04
6.000000000000000000e+02 -6.314064341499999864e+04
6.060000000000000000e+02 -6.317986941957142699e+04
6.120000000000000000e+02 -6.309735435271428287e+04
6.180000000000000000e+02 -6.302034877242857328e+04
6.240000000000000000e+02 -6.285543471000000136e+04
6.300000000000000000e+02 -6.265915346000000136e+04
6.360000000000000000e+02 -6.256051339300000109e+04
6.420000000000000000e+02 -6.239574441985714657e+04
6.480000000000000000e+02 -6.226867187514285615e+04
6.540000000000000000e+02 -6.215450725457142835e+04
6.600000000000000000e+02 -6.208698995542857301e+04
6.660000000000000000e+02 -6.209324944200000027e+04
6.720000000000000000e+02 -6.209109709814285452e+04
6.780000000000000000e+02 -6.211581249985714385e+04
6.840000000000000000e+02 -6.223627064714285370e+04
6.900000000000000000e+02 -6.220669866057142644e+04
6.960000000000000000e+02 -6.237901339271428151e+04
7.020000000000000000e+02 -6.257420591499999864e+04
7.080000000000000000e+02 -6.273540011142857111e+04
7.140000000000000000e+02 -6.294209542399999918e+04
7.200000000000000000e+02 -6.302780859371428232e+04
7.260000000000000000e+02 -6.308063392857142753e+04
7.320000000000000000e+02 -6.325096651785714494e+04
7.380000000000000000e+02 -6.342116294642857247e+04
7.440000000000000000e+02 -6.347971819200000027e+04
7.500000000000000000e+02 -6.358340345985714521e+04
7.560000000000000000e+02 -6.355339229914285534e+04
7.620000000000000000e+02 -6.367303348214285506e+04
7.680000000000000000e+02 -6.371541406257142808e+04
7.740000000000000000e+02 -6.380845982142857247e+04
7.800000000000000000e+02 -6.385621540185714548e+04
7.860000000000000000e+02 -6.396433872771428287e+04
7.920000000000000000e+02 -6.409986216528571822e+04
7.980000000000000000e+02 -6.421101060285713902e+04
8.040000000000000000e+02 -6.432853571442857356e+04
8.100000000000000000e+02 -6.449402622771428287e+04
8.160000000000000000e+02 -6.443476674114285561e+04
8.220000000000000000e+02 -6.439930133928571740e+04
8.280000000000000000e+02 -6.445356305799999973e+04
8.340000000000000000e+02 -6.436689062485714385e+04
8.400000000000000000e+02 -6.430386104885714303e+04
8.460000000000000000e+02 -6.422281305785714358e+04
8.520000000000000000e+02 -6.416239620514285343e+04
8.580000000000000000e+02 -6.415962611585714330e+04
8.640000000000000000e+02 -6.413530803542857029e+04
8.700000000000000000e+02 -6.403206082571428124e+04
8.760000000000000000e+02 -6.399648437485714385e+04
8.820000000000000000e+02 -6.396277734371428232e+04
8.880000000000000000e+02 -6.391730301328571659e+04
8.940000000000000000e+02 -6.388808370528571686e+04
9.000000000000000000e+02 -6.400843973199999891e+04
9.060000000000000000e+02 -6.405486104899999918e+04
9.120000000000000000e+02 -6.412503236585714330e+04
9.180000000000000000e+02 -6.417214843728571577e+04
9.240000000000000000e+02 -6.429893749971428042e+04
9.300000000000000000e+02 -6.438226004442857084e+04
9.360000000000000000e+02 -6.441026227657142590e+04
9.420000000000000000e+02 -6.430610156228571577e+04
9.480000000000000000e+02 -6.430185546857142617e+04
9.540000000000000000e+02 -6.424318917399999918e+04
9.600000000000000000e+02 -6.417916852671428205e+04
9.660000000000000000e+02 -6.386991462042857165e+04
9.720000000000000000e+02 -6.367757868285715085e+04
9.780000000000000000e+02 -6.365893247757143399e+04
9.840000000000000000e+02 -6.370332087042857893e+04
9.900000000000000000e+02 -6.371582924100000673e+04
9.960000000000000000e+02 -6.382728124985715112e+04
1.002000000000000000e+03 -6.397224720971429633e+04
1.008000000000000000e+03 -6.430945647314286180e+04
1.014000000000000000e+03 -6.446148270085714466e+04
1.020000000000000000e+03 -6.450097377228571713e+04
1.026000000000000000e+03 -6.461408984371428232e+04
1.032000000000000000e+03 -6.465620870528571686e+04
1.038000000000000000e+03 -6.460334040185714548e+04
1.044000000000000000e+03 -6.455382924099999946e+04
1.050000000000000000e+03 -6.456245312485714385e+04
1.056000000000000000e+03 -6.458805022314285452e+04
1.062000000000000000e+03 -6.456190122757142672e+04
1.068000000000000000e+03 -6.450292857142857247e+04
1.074000000000000000e+03 -6.444755022314285452e+04
1.080000000000000000e+03 -6.450091852657142590e+04
1.086000000000000000e+03 -6.444786272314285452e+04
1.092000000000000000e+03 -6.444447098214285506e+04
1.098000000000000000e+03 -6.443600613842857274e+04
1.104000000000000000e+03 -6.449350948657142726e+04
1.110000000000000000e+03 -6.444939062500000000e+04
1.116000000000000000e+03 -6.449364899557142780e+04
1.122000000000000000e+03 -6.444373660728571849e+04
1.128000000000000000e+03 -6.451713225457142835e+04
1.134000000000000000e+03 -6.446202008942857356e+04
1.140000000000000000e+03 -6.442693750000000000e+04
1.146000000000000000e+03 -6.437723325900000054e+04
1.152000000000000000e+03 -6.435958816957142699e+04
1.158000000000000000e+03 -6.438073939728571713e+04
1.164000000000000000e+03 -6.439120256685714412e+04
1.170000000000000000e+03 -6.436676674099999946e+04
1.176000000000000000e+03 -6.441442299099999946e+04
1.182000000000000000e+03 -6.442044698657142726e+04
1.188000000000000000e+03 -6.442336160714285506e+04
1.194000000000000000e+03 -6.449802511171428341e+04
1.200000000000000000e+03 -6.450395591528571822e+04
1.206000000000000000e+03 -6.455545591528571822e+04
1.212000000000000000e+03 -6.449785714285714494e+04
1.218000000000000000e+03 -6.453808872757142672e+04
1.224000000000000000e+03 -6.464902287942857220e+04
1.230000000000000000e+03 -6.464053348214285506e+04
1.236000000000000000e+03 -6.459204575885714439e+04
1.242000000000000000e+03 -6.462826060257142672e+04
1.248000000000000000e+03 -6.457745647314285452e+04
1.254000000000000000e+03 -6.462291015614285425e+04
1.260000000000000000e+03 -6.460431473214285506e+04
1.266000000000000000e+03 -6.458567020085714466e+04
1.272000000000000000e+03 -6.460906138385714439e+04
1.278000000000000000e+03 -6.464122209814285452e+04
