0.000000000000000000e+00 0.000000000000000000e+00
6.000000000000000000e+00 0.000000000000000000e+00
1.200000000000000000e+01 4.357887902203142557e-04
1.800000000000000000e+01 1.087147911386143317e-03
2.400000000000000000e+01 1.998194335505510105e-03
3.000000000000000000e+01 3.063577894648070524e-03
3.600000000000000000e+01 4.508983852236974829e-03
4.200000000000000000e+01 6.143661329176602556e-03
4.800000000000000000e+01 8.133741082330258818e-03
5.400000000000000000e+01 1.065321598543342817e-02
6.000000000000000000e+01 1.358088455121275046e-02
6.600000000000000000e+01 1.688270518620823418e-02
7.200000000000000000e+01 2.054278580235855897e-02
7.800000000000000000e+01 2.440914902354273872e-02
8.400000000000000000e+01 2.854555164904953521e-02
9.000000000000000000e+01 3.288268151489732311e-02
9.600000000000000000e+01 3.733994915169203815e-02
1.020000000000000000e+02 4.189405880851658492e-02
1.080000000000000000e+02 4.649719351019303282e-02
1.140000000000000000e+02 5.119166839849013939e-02
1.200000000000000000e+02 5.595311233935178208e-02
1.260000000000000000e+02 6.071914382800405741e-02
1.320000000000000000e+02 6.522243974620116347e-02
1.380000000000000000e+02 6.931911538488118307e-02
1.440000000000000000e+02 7.306786330259210094e-02
1.500000000000000000e+02 7.644377239788109624e-02
1.560000000000000000e+02 7.938387473472929834e-02
1.620000000000000000e+02 8.195453694265567024e-02
1.680000000000000000e+02 8.421164687335574994e-02
1.740000000000000000e+02 8.637780965547521561e-02
1.800000000000000000e+02 8.863263211431182675e-02
1.860000000000000000e+02 9.086813847923559673e-02
1.920000000000000000e+02 9.313607286476871527e-02
1.980000000000000000e+02 9.547544753787369498e-02
2.040000000000000000e+02 9.772641082282036706e-02
2.100000000000000000e+02 9.993523279891385058e-02
2.160000000000000000e+02 1.021399162958904067e-01
2.220000000000000000e+02 1.043032784829424631e-01
2.280000000000000000e+02 1.065895083408175403e-01
2.340000000000000000e+02 1.089433437544272409e-01
2.400000000000000000e+02 1.112149370414799027e-01
2.460000000000000000e+02 1.135655095429840833e-01
2.520000000000000000e+02 1.159459712685363270e-01
2.580000000000000000e+02 1.182840387885206457e-01
2.640000000000000000e+02 1.206292526634752116e-01
2.700000000000000000e+02 1.229822747530512350e-01
2.760000000000000000e+02 1.254036000156760755e-01
2.820000000000000000e+02 1.279432124115303659e-01
2.880000000000000000e+02 1.304322791886520505e-01
2.940000000000000000e+02 1.329236717634092457e-01
3.000000000000000000e+02 1.354837845564603183e-01
3.060000000000000000e+02 1.380249100937609441e-01
3.120000000000000000e+02 1.405006180722762898e-01
3.180000000000000000e+02 1.429576153901120916e-01
3.240000000000000000e+02 1.454464422112360933e-01
3.300000000000000000e+02 1.479874375412575660e-01
3.360000000000000000e+02 1.505079857924438713e-01
3.420000000000000000e+02 1.530835831336978814e-01
3.480000000000000000e+02 1.557851159946492259e-01
3.540000000000000000e+02 1.586002779779775995e-01
3.600000000000000000e+02 1.615107833060212550e-01
3.660000000000000000e+02 1.644785020390594210e-01
3.720000000000000000e+02 1.674255213884683069e-01
3.780000000000000000e+02 1.703695028849072923e-01
3.840000000000000000e+02 1.731527013666371850e-01
3.900000000000000000e+02 1.756704777963722930e-01
3.960000000000000000e+02 1.780580543333772359e-01
4.020000000000000000e+02 1.801576858277253446e-01
4.080000000000000000e+02 1.820914115639651609e-01
4.140000000000000000e+02 1.840313246482705445e-01
4.200000000000000000e+02 1.859493809082505555e-01
4.260000000000000000e+02 1.878042856017027307e-01
4.320000000000000000e+02 1.897801579964842333e-01
4.380000000000000000e+02 1.917574457117493525e-01
4.440000000000000000e+02 1.938039557796364387e-01
4.500000000000000000e+02 1.958828406081692952e-01
4.560000000000000000e+02 1.979742496682763420e-01
4.620000000000000000e+02 2.001158860745067825e-01
4.680000000000000000e+02 2.023880657446910092e-01
4.740000000000000000e+02 2.046796376028791331e-01
4.800000000000000000e+02 2.069694897233121389e-01
4.860000000000000000e+02 2.093280198691518379e-01
4.920000000000000000e+02 2.118395049644889727e-01
4.980000000000000000e+02 2.143807673626491050e-01
5.040000000000000000e+02 2.168939699432425317e-01
5.100000000000000000e+02 2.194673348095331211e-01
5.160000000000000000e+02 2.219428502632500577e-01
5.220000000000000000e+02 2.242595881711303141e-01
5.280000000000000000e+02 2.263931516446972270e-01
5.340000000000000000e+02 2.282083944416519183e-01
5.400000000000000000e+02 2.298831662853993152e-01
5.460000000000000000e+02 2.314654395963563482e-01
5.520000000000000000e+02 2.328666943752910334e-01
5.580000000000000000e+02 2.342992163735122813e-01
5.640000000000000000e+02 2.358653622499251312e-01
5.700000000000000000e+02 2.376529502818510442e-01
5.760000000000000000e+02 2.396319884447299098e-01
5.820000000000000000e+02 2.417402830777310996e-01
5.880000000000000000e+02 2.439616196983339924e-01
5.940000000000000000e+02 2.463492319310803258e-01
6.000000000000000000e+02 2.488924830302336189e-01
6.060000000000000000e+02 2.515468721364185756e-01
6.120000000000000000e+02 2.543350058274503334e-01
6.180000000000000000e+02 2.571116993318166566e-01
6.240000000000000000e+02 2.597915518685447456e-01
6.300000000000000000e+02 2.623291285580220955e-01
6.360000000000000000e+02 2.645362637772877279e-01
6.420000000000000000e+02 2.663885166367383484e-01
6.480000000000000000e+02 2.680327341780366357e-01
6.540000000000000000e+02 2.692979281289747395e-01
6.600000000000000000e+02 2.703883384250458932e-01
6.660000000000000000e+02 2.712039221829486979e-01
6.720000000000000000e+02 2.719813774860242450e-01
6.780000000000000000e+02 2.727979591993209829e-01
6.840000000000000000e+02 2.736682703770633163e-01
6.900000000000000000e+02 2.744825698912861101e-01
6.960000000000000000e+02 2.754192790999496210e-01
7.020000000000000000e+02 2.764408924070063112e-01
7.080000000000000000e+02 2.777885262651056952e-01
7.140000000000000000e+02 2.791972786071569845e-01
7.200000000000000000e+02 2.807473368922713819e-01
7.260000000000000000e+02 2.823165091523245906e-01
7.320000000000000000e+02 2.839992560180054637e-01
7.380000000000000000e+02 2.857026689128625008e-01
7.440000000000000000e+02 2.875306385138117760e-01
7.500000000000000000e+02 2.893478561861241860e-01
7.560000000000000000e+02 2.912145859866115405e-01
7.620000000000000000e+02 2.932153310154553272e-01
7.680000000000000000e+02 2.954766490075180774e-01
7.740000000000000000e+02 2.979565219519759722e-01
7.800000000000000000e+02 3.004896409078690045e-01
7.860000000000000000e+02 3.030423626161266593e-01
7.920000000000000000e+02 3.057468010914354273e-01
7.980000000000000000e+02 3.087188711538040864e-01
8.040000000000000000e+02 3.117511416954159009e-01
8.100000000000000000e+02 3.147943403054916933e-01
8.160000000000000000e+02 3.178989370045402496e-01
8.220000000000000000e+02 3.211227567916508652e-01
8.280000000000000000e+02 3.243475845186585826e-01
8.340000000000000000e+02 3.276223200000258351e-01
8.400000000000000000e+02 3.308451375197608013e-01
8.460000000000000000e+02 3.340519615108977769e-01
8.520000000000000000e+02 3.373125876473139773e-01
8.580000000000000000e+02 3.406164352923591876e-01
8.640000000000000000e+02 3.440034121055680627e-01
8.700000000000000000e+02 3.474432384736207413e-01
8.760000000000000000e+02 3.509421409853816787e-01
8.820000000000000000e+02 3.544490916883815124e-01
8.880000000000000000e+02 3.578895602402244469e-01
8.940000000000000000e+02 3.611730010017211168e-01
9.000000000000000000e+02 3.642968764332049081e-01
9.060000000000000000e+02 3.672241339786218028e-01
9.120000000000000000e+02 3.700353110484213559e-01
9.180000000000000000e+02 3.727340058985388893e-01
9.240000000000000000e+02 3.754240086012711752e-01
9.300000000000000000e+02 3.781094154548044206e-01
9.360000000000000000e+02 3.809065683777769773e-01
9.420000000000000000e+02 3.837973611946935426e-01
9.480000000000000000e+02 3.868861359209893602e-01
9.540000000000000000e+02 3.901072954580962482e-01
9.600000000000000000e+02 3.934558158279166662e-01
9.660000000000000000e+02 3.967921010021610573e-01
9.720000000000000000e+02 3.999010802684356825e-01
9.780000000000000000e+02 4.024428387723608114e-01
9.840000000000000000e+02 4.046048407237198830e-01
9.900000000000000000e+02 4.062836063909474604e-01
9.960000000000000000e+02 4.075967738175398924e-01
1.002000000000000000e+03 4.084225144438710098e-01
1.008000000000000000e+03 4.088396618681892081e-01
1.014000000000000000e+03 4.090717313763310159e-01
1.020000000000000000e+03 4.093815538884519323e-01
1.026000000000000000e+03 4.096957860987089362e-01
1.032000000000000000e+03 4.100064417802477545e-01
1.038000000000000000e+03 4.102188759536673501e-01
1.044000000000000000e+03 4.103901696384595899e-01
1.050000000000000000e+03 4.105478373590096819e-01
1.056000000000000000e+03 4.106377555437116245e-01
1.062000000000000000e+03 4.107137519637589218e-01
1.068000000000000000e+03 4.107237481681271785e-01
1.074000000000000000e+03 4.106539260745253883e-01
1.080000000000000000e+03 4.106071335941978706e-01
1.086000000000000000e+03 4.105907230067514235e-01
1.092000000000000000e+03 4.105675029618245930e-01
1.098000000000000000e+03 4.105762369260592681e-01
1.104000000000000000e+03 4.107211214185774173e-01
1.110000000000000000e+03 4.109364208582533262e-01
1.116000000000000000e+03 4.111801266788930320e-01
1.122000000000000000e+03 4.114455545545170900e-01
1.128000000000000000e+03 4.116696398596389472e-01
1.134000000000000000e+03 4.119003696771099121e-01
1.140000000000000000e+03 4.122208996338688758e-01
1.146000000000000000e+03 4.124948182643109473e-01
1.152000000000000000e+03 4.126761848642171993e-01
1.158000000000000000e+03 4.128660344199779342e-01
1.164000000000000000e+03 4.130746455540411088e-01
1.170000000000000000e+03 4.132890199073899762e-01
1.176000000000000000e+03 4.134935024528199055e-01
1.182000000000000000e+03 4.135721924619776280e-01
1.188000000000000000e+03 4.136022788588419319e-01
1.194000000000000000e+03 4.136957129026372360e-01
1.200000000000000000e+03 4.138366738490109609e-01
1.206000000000000000e+03 4.139824090112088073e-01
1.212000000000000000e+03 4.141858082717966849e-01
1.218000000000000000e+03 4.144133086838266422e-01
1.224000000000000000e+03 4.146430206327630930e-01
1.230000000000000000e+03 4.148783000825165268e-01
1.236000000000000000e+03 4.150775330482274761e-01
1.242000000000000000e+03 4.152010619148850390e-01
1.248000000000000000e+03 4.153063915135749573e-01
1.254000000000000000e+03 4.154282622394904756e-01
1.260000000000000000e+03 4.155716402297970902e-01
1.266000000000000000e+03 4.157599333826677568e-01
1.272000000000000000e+03 4.159574592205146359e-01
1.278000000000000000e+03 4.161705290248278732e-01
1.280000000000000000e+03 4.164194255690354396e-01
