0.000000000000000000e+00 0.000000000000000000e+00
6.000000000000000000e+00 8.207182105059995791e-03
1.200000000000000000e+01 1.641436421012021363e-02
1.800000000000000000e+01 2.462154631518043146e-02
2.400000000000000000e+01 3.282872842024064930e-02
3.000000000000000000e+01 4.103591052530064509e-02
3.600000000000000000e+01 4.924309263036086293e-02
4.200000000000000000e+01 5.745027473542085872e-02
4.800000000000000000e+01 6.565745684048107655e-02
5.400000000000000000e+01 7.386463894554129439e-02
6.000000000000000000e+01 8.207182105060129018e-02
6.600000000000000000e+01 9.027900315566150802e-02
7.200000000000000000e+01 9.848618526072172585e-02
7.800000000000000000e+01 1.066933673657817216e-01
8.400000000000000000e+01 1.149005494708419395e-01
9.000000000000000000e+01 1.231077315759021573e-01
9.600000000000000000e+01 1.313149136809623752e-01
1.020000000000000000e+02 1.395219589996539167e-01
1.080000000000000000e+02 1.477292778910825888e-01
1.140000000000000000e+02 1.559364599961428066e-01
1.200000000000000000e+02 1.641436421012025804e-01
1.260000000000000000e+02 1.723508242062627982e-01
1.320000000000000000e+02 1.805580063113230160e-01
1.380000000000000000e+02 1.887651884163832339e-01
1.440000000000000000e+02 1.969722337350749974e-01
1.500000000000000000e+02 2.051795526265034475e-01
1.560000000000000000e+02 2.133867347315636653e-01
1.620000000000000000e+02 2.215939168366236611e-01
1.680000000000000000e+02 2.298010989416838790e-01
1.740000000000000000e+02 2.380082810467440968e-01
1.800000000000000000e+02 2.462154631518043146e-01
1.860000000000000000e+02 2.544226452568643104e-01
1.920000000000000000e+02 2.626298273619243062e-01
1.980000000000000000e+02 2.708368726806160698e-01
2.040000000000000000e+02 2.790441915720445198e-01
2.100000000000000000e+02 2.872513736771047377e-01
2.160000000000000000e+02 2.954585557821649555e-01
2.220000000000000000e+02 3.036657378872251734e-01
2.280000000000000000e+02 3.118729199922851691e-01
2.340000000000000000e+02 3.200801020973453870e-01
2.400000000000000000e+02 3.282872842024056048e-01
2.460000000000000000e+02 3.364944663074658227e-01
2.520000000000000000e+02 3.447015116261573642e-01
2.580000000000000000e+02 3.529088305175860363e-01
2.640000000000000000e+02 3.611160126226462541e-01
2.700000000000000000e+02 3.693231947277060279e-01
2.760000000000000000e+02 3.775303768327662457e-01
2.820000000000000000e+02 3.857375589378264635e-01
2.880000000000000000e+02 3.939447410428866814e-01
2.940000000000000000e+02 4.021517863615784449e-01
3.000000000000000000e+02 4.103591052530068950e-01
3.060000000000000000e+02 4.185661505716986586e-01
3.120000000000000000e+02 4.267734694631271086e-01
3.180000000000000000e+02 4.349806515681873265e-01
3.240000000000000000e+02 4.431878336732475443e-01
3.300000000000000000e+02 4.513950157783077621e-01
3.360000000000000000e+02 4.596021978833677579e-01
3.420000000000000000e+02 4.678093799884277537e-01
3.480000000000000000e+02 4.760164253071195173e-01
3.540000000000000000e+02 4.842237441985479673e-01
3.600000000000000000e+02 4.924309263036081852e-01
3.660000000000000000e+02 5.006381084086684030e-01
3.720000000000000000e+02 5.088452905137286209e-01
3.780000000000000000e+02 5.170524726187886166e-01
3.840000000000000000e+02 5.252596547238488345e-01
3.900000000000000000e+02 5.334668368289090523e-01
3.960000000000000000e+02 5.416740189339692702e-01
4.020000000000000000e+02 5.498810642526608117e-01
4.080000000000000000e+02 5.580883831440894838e-01
4.140000000000000000e+02 5.662955652491497016e-01
4.200000000000000000e+02 5.745027473542094754e-01
4.260000000000000000e+02 5.827099294592696932e-01
4.320000000000000000e+02 5.909171115643299110e-01
4.380000000000000000e+02 5.991242936693901289e-01
4.440000000000000000e+02 6.073313389880818924e-01
4.500000000000000000e+02 6.155386578795103425e-01
4.560000000000000000e+02 6.237457031982021061e-01
4.620000000000000000e+02 6.319530220896305561e-01
4.680000000000000000e+02 6.401602041946907740e-01
4.740000000000000000e+02 6.483673862997509918e-01
4.800000000000000000e+02 6.565745684048112096e-01
4.860000000000000000e+02 6.647817505098712054e-01
4.920000000000000000e+02 6.729889326149314233e-01
4.980000000000000000e+02 6.811959779336229648e-01
5.040000000000000000e+02 6.894032968250514148e-01
5.100000000000000000e+02 6.976103421437434005e-01
5.160000000000000000e+02 7.058176610351718505e-01
5.220000000000000000e+02 7.140248431402320684e-01
5.280000000000000000e+02 7.222320252452920641e-01
5.340000000000000000e+02 7.304392073503522820e-01
5.400000000000000000e+02 7.386463894554124998e-01
5.460000000000000000e+02 7.468535715604727176e-01
5.520000000000000000e+02 7.550606168791642592e-01
5.580000000000000000e+02 7.632679357705929313e-01
5.640000000000000000e+02 7.714751178756531491e-01
5.700000000000000000e+02 7.796822999807129229e-01
5.760000000000000000e+02 7.878894820857731407e-01
5.820000000000000000e+02 7.960966641908333585e-01
5.880000000000000000e+02 8.043038462958935764e-01
5.940000000000000000e+02 8.125108916145853399e-01
6.000000000000000000e+02 8.207182105060137900e-01
6.060000000000000000e+02 8.289252558247055536e-01
6.120000000000000000e+02 8.371325747161340036e-01
6.180000000000000000e+02 8.453397568211942215e-01
6.240000000000000000e+02 8.535469389262544393e-01
6.300000000000000000e+02 8.617541210313146571e-01
6.360000000000000000e+02 8.699613031363746529e-01
6.420000000000000000e+02 8.781684852414348708e-01
6.480000000000000000e+02 8.863755305601264123e-01
6.540000000000000000e+02 8.945828494515548623e-01
6.600000000000000000e+02 9.027898947702468480e-01
6.660000000000000000e+02 9.109972136616752980e-01
6.720000000000000000e+02 9.192043957667355158e-01
6.780000000000000000e+02 9.274115778717955116e-01
6.840000000000000000e+02 9.356187599768557295e-01
6.900000000000000000e+02 9.438259420819159473e-01
6.960000000000000000e+02 9.520331241869761651e-01
7.020000000000000000e+02 9.602401695056677067e-01
7.080000000000000000e+02 9.684474883970963788e-01
7.140000000000000000e+02 9.766545337157879203e-01
7.200000000000000000e+02 9.848618526072163704e-01
7.260000000000000000e+02 9.930690347122765882e-01
7.320000000000000000e+02 1.001276216817336806e+00
7.380000000000000000e+02 1.009483398922397246e+00
7.440000000000000000e+02 1.017690444241088787e+00
7.500000000000000000e+02 1.025897763132517237e+00
7.560000000000000000e+02 1.034104808451208779e+00
7.620000000000000000e+02 1.042312127342637229e+00
7.680000000000000000e+02 1.050519172661329215e+00
7.740000000000000000e+02 1.058726491552757665e+00
7.800000000000000000e+02 1.066933673657818105e+00
7.860000000000000000e+02 1.075140855762878100e+00
7.920000000000000000e+02 1.083348037867938096e+00
7.980000000000000000e+02 1.091555083186630082e+00
8.040000000000000000e+02 1.099762402078058532e+00
8.100000000000000000e+02 1.107969447396750073e+00
8.160000000000000000e+02 1.116176766288178968e+00
8.220000000000000000e+02 1.124383948393238963e+00
8.280000000000000000e+02 1.132591130498298959e+00
8.340000000000000000e+02 1.140798312603359399e+00
8.400000000000000000e+02 1.149005494708419395e+00
8.460000000000000000e+02 1.157212676813479391e+00
8.520000000000000000e+02 1.165419722132171376e+00
8.580000000000000000e+02 1.173627041023599826e+00
8.640000000000000000e+02 1.181834086342291368e+00
8.700000000000000000e+02 1.190041405233720262e+00
8.760000000000000000e+02 1.198248450552411359e+00
8.820000000000000000e+02 1.206455906230208708e+00
8.880000000000000000e+02 1.214662951548900693e+00
8.940000000000000000e+02 1.222869996867591791e+00
9.000000000000000000e+02 1.231077178972652231e+00
9.060000000000000000e+02 1.239284497864081125e+00
9.120000000000000000e+02 1.247491679969140677e+00
9.180000000000000000e+02 1.255698725287832662e+00
9.240000000000000000e+02 1.263906180965630011e+00
9.300000000000000000e+02 1.272113226284321108e+00
9.360000000000000000e+02 1.280320408389381548e+00
9.420000000000000000e+02 1.288527453708073089e+00
9.480000000000000000e+02 1.296734772599501540e+00
9.540000000000000000e+02 1.304941954704561979e+00
9.600000000000000000e+02 1.313149000023253521e+00
9.660000000000000000e+02 1.321356182128313961e+00
9.720000000000000000e+02 1.329563501019742411e+00
9.780000000000000000e+02 1.337770683124802407e+00
9.840000000000000000e+02 1.345977728443494392e+00
9.900000000000000000e+02 1.354185047334922842e+00
9.960000000000000000e+02 1.362392229439982838e+00
1.002000000000000000e+03 1.370599274758674824e+00
1.008000000000000000e+03 1.378806456863734820e+00
1.014000000000000000e+03 1.387013775755163270e+00
1.020000000000000000e+03 1.395220957860223709e+00
1.026000000000000000e+03 1.403428003178915251e+00
1.032000000000000000e+03 1.411635458856712155e+00
1.038000000000000000e+03 1.419842504175404141e+00
1.044000000000000000e+03 1.428049549494095238e+00
1.050000000000000000e+03 1.436256731599155678e+00
1.056000000000000000e+03 1.444464050490584572e+00
1.062000000000000000e+03 1.452671232595644124e+00
1.068000000000000000e+03 1.460878277914336110e+00
1.074000000000000000e+03 1.469085460019396105e+00
1.080000000000000000e+03 1.477292778910824556e+00
1.086000000000000000e+03 1.485499961015884995e+00
1.092000000000000000e+03 1.493707006334576537e+00
1.098000000000000000e+03 1.501914325226004987e+00
1.104000000000000000e+03 1.510121507331065427e+00
1.110000000000000000e+03 1.518328552649756968e+00
1.116000000000000000e+03 1.526535734754817408e+00
1.122000000000000000e+03 1.534743053646245858e+00
1.128000000000000000e+03 1.542950235751305854e+00
1.134000000000000000e+03 1.551157281069997840e+00
1.140000000000000000e+03 1.559364599961426290e+00
1.146000000000000000e+03 1.567571782066486286e+00
1.152000000000000000e+03 1.575778827385178271e+00
1.158000000000000000e+03 1.583986009490238267e+00
1.164000000000000000e+03 1.592193328381666717e+00
1.170000000000000000e+03 1.600400510486727157e+00
1.176000000000000000e+03 1.608607555805418698e+00
1.182000000000000000e+03 1.616815011483215603e+00
1.188000000000000000e+03 1.625022056801907588e+00
1.194000000000000000e+03 1.633229102120598686e+00
1.200000000000000000e+03 1.641436284225659126e+00
1.206000000000000000e+03 1.649643603117088020e+00
1.212000000000000000e+03 1.657850785222148016e+00
1.218000000000000000e+03 1.666057830540839557e+00
1.224000000000000000e+03 1.674265012645899553e+00
1.230000000000000000e+03 1.682472331537328003e+00
1.236000000000000000e+03 1.690679513642388443e+00
1.242000000000000000e+03 1.698886558961079984e+00
1.248000000000000000e+03 1.707093877852508435e+00
1.254000000000000000e+03 1.715301059957568874e+00
1.260000000000000000e+03 1.723508105276260416e+00
1.266000000000000000e+03 1.731715287381320856e+00
1.272000000000000000e+03 1.739922606272749306e+00
1.278000000000000000e+03 1.748129788377809302e+00
1.280000000000000000e+03 1.750865515746162782e+00
