# Frame count, minimum, maximum and average direction angle, %d %.6f %.6f %.6f
1 0.222994 0.657389 0.448206
2 0.239820 0.669297 0.453714
3 0.252664 0.692468 0.461789
4 0.280771 0.702257 0.465221
5 0.266886 0.717151 0.469240
6 0.246696 0.700331 0.471284
7 0.247641 0.740204 0.478051
8 0.263128 0.725230 0.481634
9 0.193897 0.748766 0.484943
10 0.200890 0.762385 0.493068
11 0.238799 0.760150 0.494399
12 0.129539 0.846547 0.498545
13 0.220615 0.792878 0.501214
14 0.186884 0.797742 0.507413
15 0.174247 0.795499 0.511086
16 0.241354 0.902074 0.515931
17 0.145485 0.857069 0.519773
18 0.230883 0.960949 0.523381
19 0.219068 0.928013 0.528978
20 0.226798 0.984736 0.531728
21 0.103334 1.399558 0.550189
22 0.003638 3.134317 0.650413
23 0.003571 3.141593 0.669655
24 0.003605 3.141593 0.795351
25 0.003453 3.141593 0.766910
26 0.003504 3.138055 0.796970
27 0.003453 3.141593 0.854625
28 0.003487 3.141593 0.887273
29 0.003400 3.141593 0.899655
30 0.006974 3.141593 0.918528
31 0.003504 3.141593 0.909210
32 0.003504 3.141593 0.952441
33 0.003555 3.141593 0.980839
34 0.003487 3.141593 0.988316
35 0.003435 3.141593 1.012560
36 0.003470 3.141593 1.058748
37 0.003470 3.141593 1.086630
38 0.003538 3.141593 1.107230
39 0.003538 3.141593 1.085467
40 0.003555 3.141593 1.132033
41 0.003400 3.141593 1.084577
42 0.003638 3.141593 1.121408
43 0.003435 3.141593 1.108578
44 0.003453 3.141593 1.138116
45 0.003686 3.141593 1.135009
46 0.003571 3.141593 1.176495
47 0.003453 3.141593 1.179665
48 0.003470 3.141593 1.214750
49 0.003521 3.141593 1.224499
50 0.003555 3.141593 1.273533
51 0.003638 3.141593 1.288125
52 0.003487 3.141593 1.300309
53 0.003555 3.141593 1.317530
54 0.003504 3.141593 1.307073
55 0.003571 3.141593 1.283695
56 0.003470 3.138088 1.299401
57 0.007093 3.141593 1.285521
58 0.003605 3.138123 1.286803
59 0.010714 3.141593 1.294230
60 0.003605 3.141593 1.294597
61 0.003555 3.141593 1.266879
62 0.007042 3.141593 1.199669
63 0.007143 3.138088 1.214007
64 0.007242 3.138038 1.224594
65 0.003487 3.141593 1.222264
66 0.003504 3.141593 1.233320
67 0.010642 3.141593 1.230097
68 0.003621 3.141593 1.236192
69 0.003504 3.141593 1.241152
70 0.003571 3.141593 1.242858
71 0.003571 3.141593 1.233613
72 0.003571 3.141593 1.226349
73 0.003538 3.141593 1.217996
74 0.003470 3.134525 1.223823
75 0.003571 3.141593 1.209596
76 0.003538 3.137939 1.214412
77 0.024471 3.133895 1.225663
78 0.003621 3.134500 1.227821
79 0.010484 3.131212 1.250085
80 0.007242 3.141593 1.245717
81 0.003521 3.137939 1.253099
82 0.003588 3.134792 1.255720
83 0.003605 3.141593 1.249416
84 0.017730 3.134602 1.263627
85 0.003719 3.134450 1.264089
86 0.003435 3.131029 1.264787
87 0.003504 3.117207 1.237846
88 0.020979 3.134551 1.250368
89 0.003719 3.138021 1.236531
90 0.003555 3.141593 1.247610
91 0.007143 3.123987 1.237327
92 0.003654 3.141593 1.231182
93 0.025729 3.141593 1.247768
94 0.014600 3.141593 1.238781
95 0.022382 3.141593 1.245267
96 0.003703 3.123543 1.245723
97 0.003605 3.123802 1.253657
98 0.021579 3.104156 1.253890
99 0.048473 3.134350 1.260308
100 0.015149 3.070032 1.257561
101 0.017791 3.077165 1.267637
102 0.003605 3.091094 1.271767
103 0.024905 3.047328 1.273950
104 0.081380 3.141593 1.281169
105 0.246693 2.966288 1.275052
106 0.072602 3.138021 1.277341
107 0.086888 3.078943 1.279639
108 0.026114 2.972409 1.285353
109 0.048473 3.141593 1.287040
110 0.081668 3.124412 1.276472
111 0.187178 2.846739 1.288800
112 0.013888 3.018086 1.294824
113 0.100023 2.826448 1.299283
114 0.111450 2.864686 1.304015
115 0.075396 2.970619 1.306964
116 0.146012 3.044772 1.310672
117 0.043451 2.796947 1.296329
118 0.083744 2.910711 1.299521
119 0.040717 2.841421 1.305672
120 0.035573 2.847358 1.306650
121 0.018728 2.803530 1.307078
122 0.069997 2.860199 1.313931
123 0.095134 2.695486 1.316230
124 0.139822 3.141593 1.322433
125 0.120839 2.652528 1.324311
126 0.028460 2.834628 1.329739
127 0.228571 2.854897 1.324532
128 0.157528 2.838063 1.330517
129 0.162617 3.083683 1.334014
130 0.368917 2.823335 1.332532
131 0.159089 2.821014 1.334566
132 0.337695 2.762519 1.338451
133 0.224609 2.649915 1.344678
134 0.035700 2.878095 1.347827
135 0.090011 3.130235 1.353342
136 0.111053 2.847582 1.355296
137 0.143377 3.025929 1.368929
138 0.184024 3.116950 1.371523
139 0.173248 3.100721 1.372866
140 0.771698 2.938548 1.378000
141 0.837675 3.092338 1.385185
142 0.798453 2.975853 1.391069
143 0.628794 2.681229 1.396095
144 0.635025 2.502430 1.390214
145 0.724867 2.320127 1.393218
146 0.293589 2.546833 1.390127
147 0.235545 2.493176 1.395739
148 0.010869 3.067654 1.403590
149 0.727817 2.731035 1.408917
150 0.494938 2.732564 1.422409
151 0.579187 2.817554 1.433190
152 0.481301 2.708943 1.433091
153 0.590034 2.874088 1.433647
154 0.601918 2.810386 1.437184
155 0.465253 2.853668 1.436790
156 0.509594 2.473875 1.436261
157 0.539190 2.449126 1.437316
158 0.526264 2.561487 1.435095
159 0.680098 2.515147 1.435884
160 0.654832 2.622882 1.439002
161 0.637863 2.379689 1.435054
162 0.602289 2.552608 1.379930
163 0.642058 2.572896 1.278876
164 0.427540 2.785373 1.200374
165 0.436192 2.882713 1.189804
166 0.022219 2.926234 1.202157
167 0.090660 2.992335 1.194729
168 0.086739 3.042680 1.178854
169 0.179855 2.944197 1.193298
170 0.178878 3.002214 1.201109
171 0.343724 3.107123 1.183832
172 0.309569 2.841753 1.179511
173 0.304804 3.075753 1.190721
174 0.343724 3.014862 1.188554
175 0.256576 3.071338 1.178863
176 0.323987 3.044520 1.185317
177 0.289725 2.848004 1.189083
178 0.404434 3.099473 1.185391
179 0.286051 3.065653 1.180207
180 0.347559 2.877250 1.186209
181 0.269049 2.990991 1.185766
182 0.279271 2.985189 1.182911
183 0.328552 2.937575 1.182933
184 0.145485 2.843367 1.181822
185 0.283352 2.816398 1.182483
186 0.393138 2.865926 1.187031
187 0.298239 2.912238 1.184768
188 0.410556 2.907177 1.181268
189 0.305510 2.911538 1.182985
190 0.293187 2.816437 1.182418
191 0.460338 3.002348 1.184121
192 0.262864 2.992886 1.182703
193 0.341311 2.833207 1.186059
194 0.339090 2.906632 1.184654
195 0.329537 2.824537 1.180842
196 0.325235 2.674589 1.183822
197 0.199555 2.794454 1.182665
198 0.314994 3.053361 1.181827
199 0.191754 2.923732 1.184952
200 0.371651 2.935883 1.180693
201 0.316036 2.897516 1.179715
202 0.396441 2.858563 1.181318
203 0.213765 2.652950 1.182754
204 0.365397 2.689631 1.182354
205 0.420749 2.728555 1.178667
206 0.365889 2.767384 1.181369
207 0.431201 2.810605 1.183027
208 0.306792 2.733725 1.184471
209 0.404408 2.486957 1.184718
210 0.402466 2.413489 1.186292
211 0.257142 2.491833 1.184884
212 0.253546 2.481845 1.185115
213 0.256402 2.536994 1.188463
214 0.049203 2.487416 1.178531
