0.000000000000000000e+00 -5.876960000000000000e+05
6.000000000000000000e+00 -5.874023125000000000e+05
1.200000000000000000e+01 -5.879845000000000000e+05
1.800000000000000000e+01 -5.884351250000000000e+05
2.400000000000000000e+01 -5.880218750000000000e+05
3.000000000000000000e+01 -5.881293750000000000e+05
3.600000000000000000e+01 -5.888174375000000000e+05
4.200000000000000000e+01 -5.874349375000000000e+05
4.800000000000000000e+01 -5.863441250000000000e+05
5.400000000000000000e+01 -5.878661250000000000e+05
6.000000000000000000e+01 -5.859030625000000000e+05
6.600000000000000000e+01 -5.868202500000000000e+05
7.200000000000000000e+01 -5.856064375000000000e+05
7.800000000000000000e+01 -5.852991875000000000e+05
8.400000000000000000e+01 -5.847131250000000000e+05
9.000000000000000000e+01 -5.839191250000000000e+05
9.600000000000000000e+01 -5.840057500000000000e+05
1.020000000000000000e+02 -5.833893750000000000e+05
1.080000000000000000e+02 -5.821660625000000000e+05
1.140000000000000000e+02 -5.817549375000000000e+05
1.200000000000000000e+02 -5.811783750000000000e+05
1.260000000000000000e+02 -5.796060625000000000e+05
1.320000000000000000e+02 -5.798178750000000000e+05
1.380000000000000000e+02 -5.816158750000000000e+05
1.440000000000000000e+02 -5.799731250000000000e+05
1.500000000000000000e+02 -5.806596875000000000e+05
1.560000000000000000e+02 -5.805061250000000000e+05
1.620000000000000000e+02 -5.804245000000000000e+05
1.680000000000000000e+02 -5.809105625000000000e+05
1.740000000000000000e+02 -5.793832500000000000e+05
1.800000000000000000e+02 -5.800993750000000000e+05
1.860000000000000000e+02 -5.800107500000000000e+05
1.920000000000000000e+02 -5.792102500000000000e+05
1.980000000000000000e+02 -5.790920000000000000e+05
2.040000000000000000e+02 -5.800191250000000000e+05
2.100000000000000000e+02 -5.797907500000000000e+05
2.160000000000000000e+02 -5.797995000000000000e+05
2.220000000000000000e+02 -5.797265625000000000e+05
2.280000000000000000e+02 -5.794409375000000000e+05
2.340000000000000000e+02 -5.781206875000000000e+05
2.400000000000000000e+02 -5.783060000000000000e+05
2.460000000000000000e+02 -5.789062500000000000e+05
2.520000000000000000e+02 -5.785692500000000000e+05
2.580000000000000000e+02 -5.780294375000000000e+05
2.640000000000000000e+02 -5.778146875000000000e+05
2.700000000000000000e+02 -5.775843750000000000e+05
2.760000000000000000e+02 -5.766931250000000000e+05
2.820000000000000000e+02 -5.770468750000000000e+05
2.880000000000000000e+02 -5.766574375000000000e+05
2.940000000000000000e+02 -5.781716875000000000e+05
3.000000000000000000e+02 -5.779818750000000000e+05
3.060000000000000000e+02 -5.774987500000000000e+05
3.120000000000000000e+02 -5.774597500000000000e+05
3.180000000000000000e+02 -5.770863750000000000e+05
3.240000000000000000e+02 -5.769202500000000000e+05
3.300000000000000000e+02 -5.774211250000000000e+05
3.360000000000000000e+02 -5.771133750000000000e+05
3.420000000000000000e+02 -5.757939375000000000e+05
3.480000000000000000e+02 -5.753755625000000000e+05
3.540000000000000000e+02 -5.763829375000000000e+05
3.600000000000000000e+02 -5.763968125000000000e+05
3.660000000000000000e+02 -5.779885000000000000e+05
3.720000000000000000e+02 -5.787394375000000000e+05
3.780000000000000000e+02 -5.792904375000000000e+05
3.840000000000000000e+02 -5.797223750000000000e+05
3.900000000000000000e+02 -5.785911250000000000e+05
3.960000000000000000e+02 -5.793621875000000000e+05
4.020000000000000000e+02 -5.777251250000000000e+05
4.080000000000000000e+02 -5.785581875000000000e+05
4.140000000000000000e+02 -5.786675625000000000e+05
4.200000000000000000e+02 -5.780733125000000000e+05
4.260000000000000000e+02 -5.780338125000000000e+05
4.320000000000000000e+02 -5.793743750000000000e+05
4.380000000000000000e+02 -5.784651875000000000e+05
4.440000000000000000e+02 -5.775393125000000000e+05
4.500000000000000000e+02 -5.776820625000000000e+05
4.560000000000000000e+02 -5.776815000000000000e+05
4.620000000000000000e+02 -5.783355625000000000e+05
4.680000000000000000e+02 -5.785252500000000000e+05
4.740000000000000000e+02 -5.778448125000000000e+05
4.800000000000000000e+02 -5.768281250000000000e+05
4.860000000000000000e+02 -5.771376250000000000e+05
4.920000000000000000e+02 -5.776491875000000000e+05
4.980000000000000000e+02 -5.763500625000000000e+05
5.040000000000000000e+02 -5.775535625000000000e+05
5.100000000000000000e+02 -5.813128125000000000e+05
5.160000000000000000e+02 -5.825711250000000000e+05
5.220000000000000000e+02 -5.821870000000000000e+05
5.280000000000000000e+02 -5.828758125000000000e+05
5.340000000000000000e+02 -5.830727500000000000e+05
5.400000000000000000e+02 -5.824833750000000000e+05
5.460000000000000000e+02 -5.819020000000000000e+05
5.520000000000000000e+02 -5.822490000000000000e+05
5.580000000000000000e+02 -5.807961250000000000e+05
5.640000000000000000e+02 -5.811180625000000000e+05
5.700000000000000000e+02 -5.808089375000000000e+05
5.760000000000000000e+02 -5.813406875000000000e+05
5.820000000000000000e+02 -5.801412500000000000e+05
5.880000000000000000e+02 -5.808671875000000000e+05
5.940000000000000000e+02 -5.800931250000000000e+05
6.000000000000000000e+02 -5.800728125000000000e+05
6.060000000000000000e+02 -5.792048750000000000e+05
6.120000000000000000e+02 -5.823728125000000000e+05
6.180000000000000000e+02 -5.819775000000000000e+05
6.240000000000000000e+02 -5.835412500000000000e+05
6.300000000000000000e+02 -5.846548125000000000e+05
6.360000000000000000e+02 -5.839556250000000000e+05
6.420000000000000000e+02 -5.837791875000000000e+05
6.480000000000000000e+02 -5.839750625000000000e+05
6.540000000000000000e+02 -5.860830625000000000e+05
6.600000000000000000e+02 -5.869180000000000000e+05
6.660000000000000000e+02 -5.866598750000000000e+05
6.720000000000000000e+02 -5.870925625000000000e+05
6.780000000000000000e+02 -5.871394375000000000e+05
6.840000000000000000e+02 -5.860583125000000000e+05
6.900000000000000000e+02 -5.865278750000000000e+05
6.960000000000000000e+02 -5.868855000000000000e+05
7.020000000000000000e+02 -5.864043125000000000e+05
7.080000000000000000e+02 -5.857537500000000000e+05
7.140000000000000000e+02 -5.857708750000000000e+05
7.200000000000000000e+02 -5.859478125000000000e+05
7.260000000000000000e+02 -5.856472500000000000e+05
7.320000000000000000e+02 -5.847754375000000000e+05
7.380000000000000000e+02 -5.852072500000000000e+05
7.440000000000000000e+02 -5.846225625000000000e+05
7.500000000000000000e+02 -5.851775625000000000e+05
7.560000000000000000e+02 -5.842277500000000000e+05
7.620000000000000000e+02 -5.837846875000000000e+05
7.680000000000000000e+02 -5.839564375000000000e+05
7.740000000000000000e+02 -5.842058750000000000e+05
7.800000000000000000e+02 -5.844826875000000000e+05
7.860000000000000000e+02 -5.844071250000000000e+05
7.920000000000000000e+02 -5.840415625000000000e+05
7.980000000000000000e+02 -5.837325000000000000e+05
8.040000000000000000e+02 -5.833274375000000000e+05
8.100000000000000000e+02 -5.827336250000000000e+05
8.160000000000000000e+02 -5.844411250000000000e+05
8.220000000000000000e+02 -5.832010625000000000e+05
8.280000000000000000e+02 -5.820333125000000000e+05
8.340000000000000000e+02 -5.827214375000000000e+05
8.400000000000000000e+02 -5.831375000000000000e+05
8.460000000000000000e+02 -5.830820625000000000e+05
8.520000000000000000e+02 -5.821520000000000000e+05
8.580000000000000000e+02 -5.811083750000000000e+05
8.640000000000000000e+02 -5.816641875000000000e+05
8.700000000000000000e+02 -5.821720000000000000e+05
8.760000000000000000e+02 -5.834366250000000000e+05
8.820000000000000000e+02 -5.832746250000000000e+05
8.880000000000000000e+02 -5.850540000000000000e+05
8.940000000000000000e+02 -5.843075000000000000e+05
9.000000000000000000e+02 -5.839493125000000000e+05
9.060000000000000000e+02 -5.840976875000000000e+05
9.120000000000000000e+02 -5.840545000000000000e+05
9.180000000000000000e+02 -5.835660000000000000e+05
9.240000000000000000e+02 -5.831115000000000000e+05
9.300000000000000000e+02 -5.827350000000000000e+05
9.360000000000000000e+02 -5.828408125000000000e+05
9.420000000000000000e+02 -5.831190625000000000e+05
9.480000000000000000e+02 -5.831483750000000000e+05
9.540000000000000000e+02 -5.826015625000000000e+05
9.600000000000000000e+02 -5.831521250000000000e+05
9.660000000000000000e+02 -5.874123125000000000e+05
9.720000000000000000e+02 -5.889887500000000000e+05
9.780000000000000000e+02 -5.885277500000000000e+05
9.840000000000000000e+02 -5.891113750000000000e+05
9.900000000000000000e+02 -5.889734375000000000e+05
9.960000000000000000e+02 -5.899157500000000000e+05
1.002000000000000000e+03 -5.893065000000000000e+05
1.008000000000000000e+03 -5.888863750000000000e+05
1.014000000000000000e+03 -5.895938125000000000e+05
1.020000000000000000e+03 -5.887645000000000000e+05
1.026000000000000000e+03 -5.885853750000000000e+05
1.032000000000000000e+03 -5.889785000000000000e+05
1.038000000000000000e+03 -5.891886875000000000e+05
1.044000000000000000e+03 -5.892598750000000000e+05
1.050000000000000000e+03 -5.890690625000000000e+05
1.056000000000000000e+03 -5.891332500000000000e+05
1.062000000000000000e+03 -5.897203125000000000e+05
1.068000000000000000e+03 -5.898858125000000000e+05
1.074000000000000000e+03 -5.896040625000000000e+05
1.080000000000000000e+03 -5.894746875000000000e+05
1.086000000000000000e+03 -5.895829375000000000e+05
1.092000000000000000e+03 -5.885390625000000000e+05
1.098000000000000000e+03 -5.891119375000000000e+05
1.104000000000000000e+03 -5.894152500000000000e+05
1.110000000000000000e+03 -5.889644375000000000e+05
1.116000000000000000e+03 -5.887050625000000000e+05
1.122000000000000000e+03 -5.898437500000000000e+05
1.128000000000000000e+03 -5.889542500000000000e+05
1.134000000000000000e+03 -5.890040000000000000e+05
1.140000000000000000e+03 -5.904033750000000000e+05
1.146000000000000000e+03 -5.898419375000000000e+05
1.152000000000000000e+03 -5.895906875000000000e+05
1.158000000000000000e+03 -5.889983750000000000e+05
1.164000000000000000e+03 -5.891925000000000000e+05
1.170000000000000000e+03 -5.895191875000000000e+05
1.176000000000000000e+03 -5.891836250000000000e+05
1.182000000000000000e+03 -5.893273750000000000e+05
1.188000000000000000e+03 -5.900593750000000000e+05
1.194000000000000000e+03 -5.889798750000000000e+05
1.200000000000000000e+03 -5.896772500000000000e+05
1.206000000000000000e+03 -5.888670000000000000e+05
1.212000000000000000e+03 -5.895347500000000000e+05
1.218000000000000000e+03 -5.893925000000000000e+05
1.224000000000000000e+03 -5.891293125000000000e+05
1.230000000000000000e+03 -5.895552500000000000e+05
1.236000000000000000e+03 -5.903535000000000000e+05
1.242000000000000000e+03 -5.891937500000000000e+05
1.248000000000000000e+03 -5.906166250000000000e+05
1.254000000000000000e+03 -5.902989375000000000e+05
1.260000000000000000e+03 -5.899669375000000000e+05
1.266000000000000000e+03 -5.898755625000000000e+05
1.272000000000000000e+03 -5.895246875000000000e+05
1.278000000000000000e+03 -5.901266875000000000e+05
