0.000000000000000000e+00 -6.580588281199999619e+04
6.000000000000000000e+00 -6.569782812500000000e+04
1.200000000000000000e+01 -6.532185937500000000e+04
1.800000000000000000e+01 -6.446227343799999653e+04
2.400000000000000000e+01 -6.478907031200000347e+04
3.000000000000000000e+01 -6.413633984400000190e+04
3.600000000000000000e+01 -6.343359765599999810e+04
4.200000000000000000e+01 -6.359239062500000000e+04
4.800000000000000000e+01 -6.305277734400000190e+04
5.400000000000000000e+01 -6.257007812500000000e+04
6.000000000000000000e+01 -6.207314453099999810e+04
6.600000000000000000e+01 -6.184130468799999653e+04
7.200000000000000000e+01 -6.144079687500000000e+04
7.800000000000000000e+01 -6.058266406200000347e+04
8.400000000000000000e+01 -6.003857031200000347e+04
9.000000000000000000e+01 -5.985053125000000000e+04
9.600000000000000000e+01 -5.929178515599999810e+04
1.020000000000000000e+02 -5.868614843799999653e+04
1.080000000000000000e+02 -5.837164062500000000e+04
1.140000000000000000e+02 -5.793866015599999810e+04
1.200000000000000000e+02 -5.811603906200000347e+04
1.260000000000000000e+02 -6.050989062500000000e+04
1.320000000000000000e+02 -6.322938671900000190e+04
1.380000000000000000e+02 -6.365483984400000190e+04
1.440000000000000000e+02 -6.379907812500000000e+04
1.500000000000000000e+02 -6.361651953099999810e+04
1.560000000000000000e+02 -6.365649218799999653e+04
1.620000000000000000e+02 -6.275983203099999810e+04
1.680000000000000000e+02 -6.305016015599999810e+04
1.740000000000000000e+02 -6.334888671900000190e+04
1.800000000000000000e+02 -6.297893750000000000e+04
1.860000000000000000e+02 -6.309921875000000000e+04
1.920000000000000000e+02 -6.299183203099999810e+04
1.980000000000000000e+02 -6.302106250000000000e+04
2.040000000000000000e+02 -6.249364843799999653e+04
2.100000000000000000e+02 -6.311365625000000000e+04
2.160000000000000000e+02 -6.268930859400000190e+04
2.220000000000000000e+02 -6.248639453099999810e+04
2.280000000000000000e+02 -6.195773437500000000e+04
2.340000000000000000e+02 -6.277682031200000347e+04
2.400000000000000000e+02 -6.310462500000000000e+04
2.460000000000000000e+02 -6.267346875000000000e+04
2.520000000000000000e+02 -6.264291015599999810e+04
2.580000000000000000e+02 -6.286260156200000347e+04
2.640000000000000000e+02 -6.212011718799999653e+04
2.700000000000000000e+02 -6.301745703099999810e+04
2.760000000000000000e+02 -6.285378906200000347e+04
2.820000000000000000e+02 -6.307213281200000347e+04
2.880000000000000000e+02 -6.283404687500000000e+04
2.940000000000000000e+02 -6.259089062500000000e+04
3.000000000000000000e+02 -6.285665625000000000e+04
3.060000000000000000e+02 -6.333583203099999810e+04
3.120000000000000000e+02 -6.267303906200000347e+04
3.180000000000000000e+02 -6.302345312500000000e+04
3.240000000000000000e+02 -6.265289062500000000e+04
3.300000000000000000e+02 -6.232955859400000190e+04
3.360000000000000000e+02 -6.284937500000000000e+04
3.420000000000000000e+02 -6.206917187500000000e+04
3.480000000000000000e+02 -6.261716015599999810e+04
3.540000000000000000e+02 -6.211208984400000190e+04
3.600000000000000000e+02 -6.227485937500000000e+04
3.660000000000000000e+02 -6.160671875000000000e+04
3.720000000000000000e+02 -6.249307421900000190e+04
3.780000000000000000e+02 -6.219771093799999653e+04
3.840000000000000000e+02 -6.168635546900000190e+04
3.900000000000000000e+02 -6.213144531200000347e+04
3.960000000000000000e+02 -6.182376562500000000e+04
4.020000000000000000e+02 -6.236547656200000347e+04
4.080000000000000000e+02 -6.251250390599999810e+04
4.140000000000000000e+02 -6.249493750000000000e+04
4.200000000000000000e+02 -6.216471875000000000e+04
4.260000000000000000e+02 -6.297136328099999810e+04
4.320000000000000000e+02 -6.272810546900000190e+04
4.380000000000000000e+02 -6.262144921900000190e+04
4.440000000000000000e+02 -6.273523437500000000e+04
4.500000000000000000e+02 -6.239917187500000000e+04
4.560000000000000000e+02 -6.308091406200000347e+04
4.620000000000000000e+02 -6.244197656200000347e+04
4.680000000000000000e+02 -6.227994140599999810e+04
4.740000000000000000e+02 -6.259833984400000190e+04
4.800000000000000000e+02 -6.305149218799999653e+04
4.860000000000000000e+02 -6.287087500000000000e+04
4.920000000000000000e+02 -6.270775781200000347e+04
4.980000000000000000e+02 -6.345697656200000347e+04
5.040000000000000000e+02 -6.319280078099999810e+04
5.100000000000000000e+02 -6.223667968799999653e+04
5.160000000000000000e+02 -6.308000000000000000e+04
5.220000000000000000e+02 -6.286311328099999810e+04
5.280000000000000000e+02 -6.271278906200000347e+04
5.340000000000000000e+02 -6.281293750000000000e+04
5.400000000000000000e+02 -6.285561718799999653e+04
5.460000000000000000e+02 -6.297365234400000190e+04
5.520000000000000000e+02 -6.345601562500000000e+04
5.580000000000000000e+02 -6.304861718799999653e+04
5.640000000000000000e+02 -6.330397265599999810e+04
5.700000000000000000e+02 -6.299007031200000347e+04
5.760000000000000000e+02 -6.272111328099999810e+04
5.820000000000000000e+02 -6.307722265599999810e+04
5.880000000000000000e+02 -6.351204296900000190e+04
5.940000000000000000e+02 -6.309813671900000190e+04
6.000000000000000000e+02 -6.328194531200000347e+04
6.060000000000000000e+02 -6.357855468799999653e+04
6.120000000000000000e+02 -6.241246484400000190e+04
6.180000000000000000e+02 -6.218207421900000190e+04
6.240000000000000000e+02 -6.192282421900000190e+04
6.300000000000000000e+02 -6.213807421900000190e+04
6.360000000000000000e+02 -6.240765625000000000e+04
6.420000000000000000e+02 -6.212856250000000000e+04
6.480000000000000000e+02 -6.268904687500000000e+04
6.540000000000000000e+02 -6.161331250000000000e+04
6.600000000000000000e+02 -6.170945312500000000e+04
6.660000000000000000e+02 -6.196664062500000000e+04
6.720000000000000000e+02 -6.212300781200000347e+04
6.780000000000000000e+02 -6.258066406200000347e+04
6.840000000000000000e+02 -6.297176953099999810e+04
6.900000000000000000e+02 -6.248204296900000190e+04
6.960000000000000000e+02 -6.281951562500000000e+04
7.020000000000000000e+02 -6.307580078099999810e+04
7.080000000000000000e+02 -6.309500000000000000e+04
7.140000000000000000e+02 -6.356987500000000000e+04
7.200000000000000000e+02 -6.318065625000000000e+04
7.260000000000000000e+02 -6.334154687500000000e+04
7.320000000000000000e+02 -6.367437109400000190e+04
7.380000000000000000e+02 -6.401089062500000000e+04
7.440000000000000000e+02 -6.348568750000000000e+04
7.500000000000000000e+02 -6.382079687500000000e+04
7.560000000000000000e+02 -6.335979687500000000e+04
7.620000000000000000e+02 -6.401814453099999810e+04
7.680000000000000000e+02 -6.363821093799999653e+04
7.740000000000000000e+02 -6.432569140599999810e+04
7.800000000000000000e+02 -6.434517968799999653e+04
7.860000000000000000e+02 -6.424255078099999810e+04
7.920000000000000000e+02 -6.476946093799999653e+04
7.980000000000000000e+02 -6.413783593799999653e+04
8.040000000000000000e+02 -6.484082031200000347e+04
8.100000000000000000e+02 -6.479664453099999810e+04
8.160000000000000000e+02 -6.391087500000000000e+04
8.220000000000000000e+02 -6.409692187500000000e+04
8.280000000000000000e+02 -6.462238281200000347e+04
8.340000000000000000e+02 -6.416275390599999810e+04
8.400000000000000000e+02 -6.369662890599999810e+04
8.460000000000000000e+02 -6.427348437500000000e+04
8.520000000000000000e+02 -6.437372656200000347e+04
8.580000000000000000e+02 -6.389148437500000000e+04
8.640000000000000000e+02 -6.392669531200000347e+04
8.700000000000000000e+02 -6.389965234400000190e+04
8.760000000000000000e+02 -6.391371875000000000e+04
8.820000000000000000e+02 -6.346067968799999653e+04
8.880000000000000000e+02 -6.395516406200000347e+04
8.940000000000000000e+02 -6.416919140599999810e+04
9.000000000000000000e+02 -6.473397656200000347e+04
9.060000000000000000e+02 -6.425164453099999810e+04
9.120000000000000000e+02 -6.439085156200000347e+04
9.180000000000000000e+02 -6.424353125000000000e+04
9.240000000000000000e+02 -6.434820312500000000e+04
9.300000000000000000e+02 -6.453842187500000000e+04
9.360000000000000000e+02 -6.436520703099999810e+04
9.420000000000000000e+02 -6.400485156200000347e+04
9.480000000000000000e+02 -6.422192187500000000e+04
9.540000000000000000e+02 -6.398018750000000000e+04
9.600000000000000000e+02 -6.379538671900000190e+04
9.660000000000000000e+02 -6.218342578099999810e+04
9.720000000000000000e+02 -6.319207031200000347e+04
9.780000000000000000e+02 -6.423468359400000190e+04
9.840000000000000000e+02 -6.431557031200000347e+04
9.900000000000000000e+02 -6.430948046900000190e+04
9.960000000000000000e+02 -6.476035156200000347e+04
1.002000000000000000e+03 -6.481014843799999653e+04
1.008000000000000000e+03 -6.454389062500000000e+04
1.014000000000000000e+03 -6.425625390599999810e+04
1.020000000000000000e+03 -6.451112109400000190e+04
1.026000000000000000e+03 -6.510738281200000347e+04
1.032000000000000000e+03 -6.460431250000000000e+04
1.038000000000000000e+03 -6.439027343799999653e+04
1.044000000000000000e+03 -6.446357031200000347e+04
1.050000000000000000e+03 -6.460425781200000347e+04
1.056000000000000000e+03 -6.443543359400000190e+04
1.062000000000000000e+03 -6.432807812500000000e+04
1.068000000000000000e+03 -6.469457421900000190e+04
1.074000000000000000e+03 -6.421666406200000347e+04
1.080000000000000000e+03 -6.476385156200000347e+04
1.086000000000000000e+03 -6.409217968799999653e+04
1.092000000000000000e+03 -6.458051562500000000e+04
1.098000000000000000e+03 -6.437617968799999653e+04
1.104000000000000000e+03 -6.473060156200000347e+04
1.110000000000000000e+03 -6.438574218799999653e+04
1.116000000000000000e+03 -6.452647265599999810e+04
1.122000000000000000e+03 -6.441446484400000190e+04
1.128000000000000000e+03 -6.460594921900000190e+04
1.134000000000000000e+03 -6.419473046900000190e+04
1.140000000000000000e+03 -6.413060156200000347e+04
1.146000000000000000e+03 -6.438267187500000000e+04
1.152000000000000000e+03 -6.426222656200000347e+04
1.158000000000000000e+03 -6.467453125000000000e+04
1.164000000000000000e+03 -6.448770703099999810e+04
1.170000000000000000e+03 -6.443489843799999653e+04
1.176000000000000000e+03 -6.452832421900000190e+04
1.182000000000000000e+03 -6.417276953099999810e+04
1.188000000000000000e+03 -6.440307421900000190e+04
1.194000000000000000e+03 -6.478487109400000190e+04
1.200000000000000000e+03 -6.471604687500000000e+04
1.206000000000000000e+03 -6.484820703099999810e+04
1.212000000000000000e+03 -6.403170703099999810e+04
1.218000000000000000e+03 -6.480994531200000347e+04
1.224000000000000000e+03 -6.494930859400000190e+04
1.230000000000000000e+03 -6.434364843799999653e+04
1.236000000000000000e+03 -6.444545703099999810e+04
1.242000000000000000e+03 -6.496955078099999810e+04
1.248000000000000000e+03 -6.449257812500000000e+04
1.254000000000000000e+03 -6.434988281200000347e+04
1.260000000000000000e+03 -6.467977734400000190e+04
1.266000000000000000e+03 -6.481879687500000000e+04
1.272000000000000000e+03 -6.450738671900000190e+04
1.278000000000000000e+03 -6.467058203099999810e+04
