0.000000000000000000e+00 -4.338481140000000096e+02
6.000000000000000000e+00 -8.223943480000000363e+02
1.200000000000000000e+01 -1.826427856000000020e+03
1.800000000000000000e+01 -1.500038939999999911e+03
2.400000000000000000e+01 -3.488529053000000204e+03
3.000000000000000000e+01 -3.167323241999999937e+03
3.600000000000000000e+01 -3.826241699000000153e+03
4.200000000000000000e+01 -4.624376465000000280e+03
4.800000000000000000e+01 -4.868463867000000391e+03
5.400000000000000000e+01 -5.022863769999999931e+03
6.000000000000000000e+01 -5.105541992000000391e+03
6.600000000000000000e+01 -5.440808594000000085e+03
7.200000000000000000e+01 -5.367600097999999889e+03
7.800000000000000000e+01 -5.843683594000000085e+03
8.400000000000000000e+01 -5.816987304999999651e+03
9.000000000000000000e+01 -5.951379394999999931e+03
9.600000000000000000e+01 -5.389810547000000042e+03
1.020000000000000000e+02 -5.861372559000000365e+03
1.080000000000000000e+02 -6.067884766000000127e+03
1.140000000000000000e+02 -5.991430175999999847e+03
1.200000000000000000e+02 -4.715024414000000434e+03
1.260000000000000000e+02 -2.719294189000000188e+03
1.320000000000000000e+02 -2.726949219000000085e+03
1.380000000000000000e+02 -2.438863525000000209e+03
1.440000000000000000e+02 -2.087976561999999831e+03
1.500000000000000000e+02 -2.811303222999999889e+03
1.560000000000000000e+02 -2.794351807000000008e+03
1.620000000000000000e+02 -2.852169433999999910e+03
1.680000000000000000e+02 -3.450796386999999868e+03
1.740000000000000000e+02 -2.746800537000000077e+03
1.800000000000000000e+02 -2.260738769999999931e+03
1.860000000000000000e+02 -2.938009032999999818e+03
1.920000000000000000e+02 -2.425126952999999958e+03
1.980000000000000000e+02 -2.226110352000000148e+03
2.040000000000000000e+02 -2.999497314000000188e+03
2.100000000000000000e+02 -2.837939941000000090e+03
2.160000000000000000e+02 -3.295298584000000119e+03
2.220000000000000000e+02 -3.391350586000000021e+03
2.280000000000000000e+02 -2.115575194999999894e+03
2.340000000000000000e+02 -2.790689209000000119e+03
2.400000000000000000e+02 -2.921856201000000056e+03
2.460000000000000000e+02 -2.742807616999999937e+03
2.520000000000000000e+02 -2.743782227000000148e+03
2.580000000000000000e+02 -3.316305175999999847e+03
2.640000000000000000e+02 -3.492544678000000204e+03
2.700000000000000000e+02 -3.363019530999999915e+03
2.760000000000000000e+02 -2.749329102000000148e+03
2.820000000000000000e+02 -2.689869628999999804e+03
2.880000000000000000e+02 -3.361604980000000069e+03
2.940000000000000000e+02 -2.906597655999999915e+03
3.000000000000000000e+02 -2.730655272999999852e+03
3.060000000000000000e+02 -3.183259766000000127e+03
3.120000000000000000e+02 -3.362561522999999852e+03
3.180000000000000000e+02 -3.334089110999999775e+03
3.240000000000000000e+02 -2.562596680000000106e+03
3.300000000000000000e+02 -3.523093750000000000e+03
3.360000000000000000e+02 -3.847799316000000090e+03
3.420000000000000000e+02 -3.736724608999999873e+03
3.480000000000000000e+02 -4.047362305000000106e+03
3.540000000000000000e+02 -4.172279784999999720e+03
3.600000000000000000e+02 -3.207039061999999831e+03
3.660000000000000000e+02 -2.680578125000000000e+03
3.720000000000000000e+02 -3.086884520999999950e+03
3.780000000000000000e+02 -1.437966431000000057e+03
3.840000000000000000e+02 -2.751756592000000182e+03
3.900000000000000000e+02 -1.796471191000000090e+03
3.960000000000000000e+02 -1.939274413999999979e+03
4.020000000000000000e+02 -2.677486816000000090e+03
4.080000000000000000e+02 -3.044655761999999868e+03
4.140000000000000000e+02 -2.113656493999999839e+03
4.200000000000000000e+02 -2.437185790999999881e+03
4.260000000000000000e+02 -2.772606689000000188e+03
4.320000000000000000e+02 -2.280169922000000042e+03
4.380000000000000000e+02 -2.298255858999999873e+03
4.440000000000000000e+02 -2.851155272999999852e+03
4.500000000000000000e+02 -3.105645264000000225e+03
4.560000000000000000e+02 -3.335031738000000132e+03
4.620000000000000000e+02 -2.911239746000000196e+03
4.680000000000000000e+02 -2.695352050999999847e+03
4.740000000000000000e+02 -2.424170165999999881e+03
4.800000000000000000e+02 -3.656916259999999966e+03
4.860000000000000000e+02 -3.638386474999999791e+03
4.920000000000000000e+02 -2.578819579999999860e+03
4.980000000000000000e+02 -3.910397461000000021e+03
5.040000000000000000e+02 -2.746657470999999987e+03
5.100000000000000000e+02 -1.440931274000000030e+03
5.160000000000000000e+02 -1.413192870999999968e+03
5.220000000000000000e+02 -1.008167479999999955e+03
5.280000000000000000e+02 -1.609790404999999964e+03
5.340000000000000000e+02 -1.967815063000000009e+03
5.400000000000000000e+02 -2.056818847999999889e+03
5.460000000000000000e+02 -2.416788574000000153e+03
5.520000000000000000e+02 -2.139469727000000148e+03
5.580000000000000000e+02 -3.062858154000000013e+03
5.640000000000000000e+02 -2.900073730000000069e+03
5.700000000000000000e+02 -2.973400145999999950e+03
5.760000000000000000e+02 -2.812073730000000069e+03
5.820000000000000000e+02 -3.290893310999999812e+03
5.880000000000000000e+02 -4.008283202999999958e+03
5.940000000000000000e+02 -3.033154785000000174e+03
6.000000000000000000e+02 -4.465857422000000042e+03
6.060000000000000000e+02 -3.332221435999999812e+03
6.120000000000000000e+02 -2.299405029000000013e+03
6.180000000000000000e+02 -2.022586426000000074e+03
6.240000000000000000e+02 -1.287157958999999892e+03
6.300000000000000000e+02 -5.120155029999999670e+02
6.360000000000000000e+02 -1.691458984000000100e+03
6.420000000000000000e+02 -9.254391480000000456e+02
6.480000000000000000e+02 -1.814747924999999896e+03
6.540000000000000000e+02 4.036488949999999818e+02
6.600000000000000000e+02 -9.901931150000000343e+02
6.660000000000000000e+02 -1.046121581999999989e+03
6.720000000000000000e+02 -1.599864258000000063e+03
6.780000000000000000e+02 -8.950284420000000409e+02
6.840000000000000000e+02 -2.027250121999999919e+03
6.900000000000000000e+02 -1.641771361999999954e+03
6.960000000000000000e+02 -2.752168457000000217e+03
7.020000000000000000e+02 -1.659648437999999942e+03
7.080000000000000000e+02 -2.512994384999999966e+03
7.140000000000000000e+02 -1.623592896000000110e+03
7.200000000000000000e+02 -2.056821045000000140e+03
7.260000000000000000e+02 -1.982325072999999975e+03
7.320000000000000000e+02 -2.863754394999999931e+03
7.380000000000000000e+02 -2.842951660000000174e+03
7.440000000000000000e+02 -1.769349242999999888e+03
7.500000000000000000e+02 -3.137853027000000111e+03
7.560000000000000000e+02 -3.547065185999999812e+03
7.620000000000000000e+02 -4.279955077999999958e+03
7.680000000000000000e+02 -2.980532714999999826e+03
7.740000000000000000e+02 -3.104363280999999915e+03
7.800000000000000000e+02 -3.243225342000000182e+03
7.860000000000000000e+02 -4.099189452999999958e+03
7.920000000000000000e+02 -4.361371094000000085e+03
7.980000000000000000e+02 -3.895918457000000217e+03
8.040000000000000000e+02 -4.296588867000000391e+03
8.100000000000000000e+02 -4.174116699000000153e+03
8.160000000000000000e+02 -3.176641845999999987e+03
8.220000000000000000e+02 -3.847668457000000217e+03
8.280000000000000000e+02 -3.901229491999999937e+03
8.340000000000000000e+02 -4.003154297000000042e+03
8.400000000000000000e+02 -4.283248534999999720e+03
8.460000000000000000e+02 -4.525379882999999609e+03
8.520000000000000000e+02 -4.903143554999999651e+03
8.580000000000000000e+02 -3.623552001999999902e+03
8.640000000000000000e+02 -4.450124512000000323e+03
8.700000000000000000e+02 -4.146042480000000069e+03
8.760000000000000000e+02 -3.901283691000000090e+03
8.820000000000000000e+02 -3.128576415999999881e+03
8.880000000000000000e+02 -3.347529540999999881e+03
8.940000000000000000e+02 -3.084516845999999987e+03
9.000000000000000000e+02 -2.548937988000000132e+03
9.060000000000000000e+02 -3.151709961000000021e+03
9.120000000000000000e+02 -3.977840819999999894e+03
9.180000000000000000e+02 -3.462914795000000140e+03
9.240000000000000000e+02 -4.019339355000000069e+03
9.300000000000000000e+02 -3.805021483999999873e+03
9.360000000000000000e+02 -4.780928222999999889e+03
9.420000000000000000e+02 -3.645489501999999902e+03
9.480000000000000000e+02 -4.643175293000000238e+03
9.540000000000000000e+02 -4.220048827999999958e+03
9.600000000000000000e+02 -3.291470214999999826e+03
9.660000000000000000e+02 4.790932619999999815e+02
9.720000000000000000e+02 -4.506499939999999924e+02
9.780000000000000000e+02 -3.812998349999999732e+02
9.840000000000000000e+02 -6.033597409999999854e+02
9.900000000000000000e+02 -6.653592529999999670e+02
9.960000000000000000e+02 -1.720536040000000071e+02
1.002000000000000000e+03 -4.359136349999999993e+02
1.008000000000000000e+03 9.998930400000000418e+01
1.014000000000000000e+03 -4.559978029999999762e+02
1.020000000000000000e+03 -6.704555659999999762e+02
1.026000000000000000e+03 6.284029799999999710e+01
1.032000000000000000e+03 3.810480900000000304e+01
1.038000000000000000e+03 -1.387880859999999927e+02
1.044000000000000000e+03 1.812866970000000038e+02
1.050000000000000000e+03 2.551811519999999973e+02
1.056000000000000000e+03 -1.791210169999999948e+02
1.062000000000000000e+03 1.518321379999999863e+02
1.068000000000000000e+03 1.879262699999999882e+02
1.074000000000000000e+03 -2.204898829999999919e+02
1.080000000000000000e+03 -2.071557310000000030e+02
1.086000000000000000e+03 2.635680849999999964e+02
1.092000000000000000e+03 -8.023363650000000007e+02
1.098000000000000000e+03 -9.994642330000000356e+02
1.104000000000000000e+03 -1.278848339999999979e+02
1.110000000000000000e+03 -1.708341519999999889e+02
1.116000000000000000e+03 -1.915310300000000154e+01
1.122000000000000000e+03 1.174792860000000019e+02
1.128000000000000000e+03 -6.174687500000000000e+02
1.134000000000000000e+03 -9.002619019999999637e+02
1.140000000000000000e+03 -2.254703000000000124e+00
1.146000000000000000e+03 8.903365300000000104e+01
1.152000000000000000e+03 -4.316733699999999772e+02
1.158000000000000000e+03 -2.910641000000000034e+00
1.164000000000000000e+03 -2.009200590000000091e+02
1.170000000000000000e+03 2.199696350000000109e+02
1.176000000000000000e+03 6.561663099999999815e+01
1.182000000000000000e+03 -1.797568210000000022e+02
1.188000000000000000e+03 -6.052000120000000152e+02
1.194000000000000000e+03 -4.546286929999999984e+02
1.200000000000000000e+03 -4.147323299999999904e+02
1.206000000000000000e+03 -5.148784789999999703e+02
1.212000000000000000e+03 1.821790619999999876e+02
1.218000000000000000e+03 -1.771724499999999836e+01
1.224000000000000000e+03 -1.326774749999999869e+02
1.230000000000000000e+03 5.551180999999999699e+00
1.236000000000000000e+03 -2.098575599999999852e+01
1.242000000000000000e+03 -4.657519229999999766e+02
1.248000000000000000e+03 -5.936630249999999478e+02
1.254000000000000000e+03 -2.336369779999999992e+02
1.260000000000000000e+03 -1.669100650000000030e+02
1.266000000000000000e+03 -2.867901309999999739e+02
1.272000000000000000e+03 -8.140207700000000557e+01
1.278000000000000000e+03 -6.605399780000000192e+02
1.280000000000000000e+03 -1.108316190000000034e+02
