0.000000000000000000e+00 7.305860000000000021e+00
6.000000000000000000e+00 7.365859999999999630e+00
1.200000000000000000e+01 7.425860000000000127e+00
1.800000000000000000e+01 7.485859999999999737e+00
2.400000000000000000e+01 7.545860000000000234e+00
3.000000000000000000e+01 7.605859999999999843e+00
3.600000000000000000e+01 7.665860000000000340e+00
4.200000000000000000e+01 7.725859999999999950e+00
4.800000000000000000e+01 7.785859999999999559e+00
5.400000000000000000e+01 7.845860000000000056e+00
6.000000000000000000e+01 7.905859999999999665e+00
6.600000000000000000e+01 7.965860000000000163e+00
7.200000000000000000e+01 8.025859999999999772e+00
7.800000000000000000e+01 8.085860000000000269e+00
8.400000000000000000e+01 8.145860000000000767e+00
9.000000000000000000e+01 8.205859999999999488e+00
9.600000000000000000e+01 8.265859999999999985e+00
1.020000000000000000e+02 8.325860000000000483e+00
1.080000000000000000e+02 8.385859999999999204e+00
1.140000000000000000e+02 8.445859999999999701e+00
1.200000000000000000e+02 8.505860000000000198e+00
1.260000000000000000e+02 8.565860000000000696e+00
1.320000000000000000e+02 8.625859999999999417e+00
1.380000000000000000e+02 8.685859999999999914e+00
1.440000000000000000e+02 8.745860000000000412e+00
1.500000000000000000e+02 8.805859999999999133e+00
1.560000000000000000e+02 8.865859999999999630e+00
1.620000000000000000e+02 8.925860000000000127e+00
1.680000000000000000e+02 8.985860000000000625e+00
1.740000000000000000e+02 9.045859999999999346e+00
1.800000000000000000e+02 9.105859999999999843e+00
1.860000000000000000e+02 9.165860000000000340e+00
1.920000000000000000e+02 9.225860000000000838e+00
1.980000000000000000e+02 9.285859999999999559e+00
2.040000000000000000e+02 9.345860000000000056e+00
2.100000000000000000e+02 9.405860000000000554e+00
2.160000000000000000e+02 9.465859999999999275e+00
2.220000000000000000e+02 9.525859999999999772e+00
2.280000000000000000e+02 9.585860000000000269e+00
2.340000000000000000e+02 9.645860000000000767e+00
2.400000000000000000e+02 9.705859999999999488e+00
2.460000000000000000e+02 9.765859999999999985e+00
2.520000000000000000e+02 9.825860000000000483e+00
2.580000000000000000e+02 9.885859999999999204e+00
2.640000000000000000e+02 9.945859999999999701e+00
2.700000000000000000e+02 1.000586000000000020e+01
2.760000000000000000e+02 1.006586000000000070e+01
2.820000000000000000e+02 1.012585999999999942e+01
2.880000000000000000e+02 1.018585999999999991e+01
2.940000000000000000e+02 1.024586000000000041e+01
3.000000000000000000e+02 1.030585999999999913e+01
3.060000000000000000e+02 1.036585999999999963e+01
3.120000000000000000e+02 1.042586000000000013e+01
3.180000000000000000e+02 1.048586000000000062e+01
3.240000000000000000e+02 1.054585999999999935e+01
3.300000000000000000e+02 1.060585999999999984e+01
3.360000000000000000e+02 1.066586000000000034e+01
3.420000000000000000e+02 1.072586000000000084e+01
3.480000000000000000e+02 1.078585999999999956e+01
3.540000000000000000e+02 1.084586000000000006e+01
3.600000000000000000e+02 1.090586000000000055e+01
3.660000000000000000e+02 1.096585999999999927e+01
3.720000000000000000e+02 1.102585999999999977e+01
3.780000000000000000e+02 1.108586000000000027e+01
3.840000000000000000e+02 1.114586000000000077e+01
3.900000000000000000e+02 1.120585999999999949e+01
3.960000000000000000e+02 1.126585999999999999e+01
4.020000000000000000e+02 1.132586000000000048e+01
4.080000000000000000e+02 1.138585899999999995e+01
4.140000000000000000e+02 1.144585999999999970e+01
4.200000000000000000e+02 1.150586000000000020e+01
4.260000000000000000e+02 1.156586000000000070e+01
4.320000000000000000e+02 1.162585999999999942e+01
4.380000000000000000e+02 1.168585999999999991e+01
4.440000000000000000e+02 1.174586000000000041e+01
4.500000000000000000e+02 1.180585999999999913e+01
4.560000000000000000e+02 1.186585999999999963e+01
4.620000000000000000e+02 1.192586000000000013e+01
4.680000000000000000e+02 1.198586000000000062e+01
4.740000000000000000e+02 1.204585999999999935e+01
4.800000000000000000e+02 1.210585999999999984e+01
4.860000000000000000e+02 1.216586000000000034e+01
4.920000000000000000e+02 1.222586000000000084e+01
4.980000000000000000e+02 1.228585999999999956e+01
5.040000000000000000e+02 1.234586000000000006e+01
5.100000000000000000e+02 1.240586000000000055e+01
5.160000000000000000e+02 1.246585999999999927e+01
5.220000000000000000e+02 1.252585999999999977e+01
5.280000000000000000e+02 1.258586000000000027e+01
5.340000000000000000e+02 1.264586000000000077e+01
5.400000000000000000e+02 1.270585999999999949e+01
5.460000000000000000e+02 1.276585999999999999e+01
5.520000000000000000e+02 1.282586000000000048e+01
5.580000000000000000e+02 1.288585899999999995e+01
5.640000000000000000e+02 1.294585999999999970e+01
5.700000000000000000e+02 1.300586000000000020e+01
5.760000000000000000e+02 1.306586000000000070e+01
5.820000000000000000e+02 1.312585999999999942e+01
5.880000000000000000e+02 1.318585999999999991e+01
5.940000000000000000e+02 1.324586000000000041e+01
6.000000000000000000e+02 1.330585999999999913e+01
6.060000000000000000e+02 1.336585999999999963e+01
6.120000000000000000e+02 1.342585900000000088e+01
6.180000000000000000e+02 1.348586000000000062e+01
6.240000000000000000e+02 1.354585999999999935e+01
6.300000000000000000e+02 1.360585999999999984e+01
6.360000000000000000e+02 1.366586000000000034e+01
6.420000000000000000e+02 1.372586000000000084e+01
6.480000000000000000e+02 1.378585999999999956e+01
6.540000000000000000e+02 1.384586000000000006e+01
6.600000000000000000e+02 1.390586000000000055e+01
6.660000000000000000e+02 1.396585999999999927e+01
6.720000000000000000e+02 1.402585999999999977e+01
6.780000000000000000e+02 1.408586000000000027e+01
6.840000000000000000e+02 1.414586000000000077e+01
6.900000000000000000e+02 1.420585999999999949e+01
6.960000000000000000e+02 1.426585999999999999e+01
7.020000000000000000e+02 1.432586000000000048e+01
7.080000000000000000e+02 1.438585899999999995e+01
7.140000000000000000e+02 1.444585999999999970e+01
7.200000000000000000e+02 1.450586000000000020e+01
7.260000000000000000e+02 1.456586000000000070e+01
7.320000000000000000e+02 1.462585999999999942e+01
7.380000000000000000e+02 1.468585999999999991e+01
7.440000000000000000e+02 1.474586000000000041e+01
7.500000000000000000e+02 1.480585999999999913e+01
7.560000000000000000e+02 1.486585999999999963e+01
7.620000000000000000e+02 1.492585900000000088e+01
7.680000000000000000e+02 1.498586000000000062e+01
7.740000000000000000e+02 1.504585999999999935e+01
7.800000000000000000e+02 1.510585999999999984e+01
7.860000000000000000e+02 1.516586000000000034e+01
7.920000000000000000e+02 1.522586000000000084e+01
7.980000000000000000e+02 1.528585999999999956e+01
8.040000000000000000e+02 1.534586000000000006e+01
8.100000000000000000e+02 1.540586000000000055e+01
8.160000000000000000e+02 1.546585900000000002e+01
8.220000000000000000e+02 1.552585999999999977e+01
8.280000000000000000e+02 1.558586000000000027e+01
8.340000000000000000e+02 1.564586000000000077e+01
8.400000000000000000e+02 1.570585999999999949e+01
8.460000000000000000e+02 1.576585999999999999e+01
8.520000000000000000e+02 1.582586000000000048e+01
8.580000000000000000e+02 1.588585899999999995e+01
8.640000000000000000e+02 1.594585999999999970e+01
8.700000000000000000e+02 1.600585900000000095e+01
8.760000000000000000e+02 1.606586100000000172e+01
8.820000000000000000e+02 1.612585999999999942e+01
8.880000000000000000e+02 1.618586000000000169e+01
8.940000000000000000e+02 1.624585899999999938e+01
9.000000000000000000e+02 1.630586100000000016e+01
9.060000000000000000e+02 1.636586000000000141e+01
9.120000000000000000e+02 1.642585899999999910e+01
9.180000000000000000e+02 1.648585900000000137e+01
9.240000000000000000e+02 1.654586000000000112e+01
9.300000000000000000e+02 1.660585999999999984e+01
9.360000000000000000e+02 1.666585900000000109e+01
9.420000000000000000e+02 1.672586099999999831e+01
9.480000000000000000e+02 1.678585999999999956e+01
9.540000000000000000e+02 1.684585999999999828e+01
9.600000000000000000e+02 1.690585899999999953e+01
9.660000000000000000e+02 1.696585999999999927e+01
9.720000000000000000e+02 1.702586000000000155e+01
9.780000000000000000e+02 1.708585899999999924e+01
9.840000000000000000e+02 1.714586100000000002e+01
9.900000000000000000e+02 1.720586000000000126e+01
9.960000000000000000e+02 1.726585999999999999e+01
1.002000000000000000e+03 1.732585900000000123e+01
1.008000000000000000e+03 1.738586000000000098e+01
1.014000000000000000e+03 1.744585999999999970e+01
1.020000000000000000e+03 1.750585900000000095e+01
1.026000000000000000e+03 1.756586100000000172e+01
1.032000000000000000e+03 1.762585999999999942e+01
1.038000000000000000e+03 1.768586000000000169e+01
1.044000000000000000e+03 1.774585899999999938e+01
1.050000000000000000e+03 1.780586100000000016e+01
1.056000000000000000e+03 1.786586000000000141e+01
1.062000000000000000e+03 1.792585899999999910e+01
1.068000000000000000e+03 1.798585900000000137e+01
1.074000000000000000e+03 1.804586000000000112e+01
1.080000000000000000e+03 1.810585999999999984e+01
1.086000000000000000e+03 1.816585900000000109e+01
1.092000000000000000e+03 1.822586099999999831e+01
1.098000000000000000e+03 1.828585999999999956e+01
1.104000000000000000e+03 1.834585999999999828e+01
1.110000000000000000e+03 1.840585899999999953e+01
1.116000000000000000e+03 1.846585999999999927e+01
1.122000000000000000e+03 1.852586000000000155e+01
1.128000000000000000e+03 1.858585899999999924e+01
1.134000000000000000e+03 1.864586100000000002e+01
1.140000000000000000e+03 1.870586000000000126e+01
1.146000000000000000e+03 1.876585999999999999e+01
1.152000000000000000e+03 1.882585900000000123e+01
1.158000000000000000e+03 1.888586000000000098e+01
1.164000000000000000e+03 1.894585999999999970e+01
1.170000000000000000e+03 1.900585900000000095e+01
1.176000000000000000e+03 1.906585899999999967e+01
1.182000000000000000e+03 1.912585999999999942e+01
1.188000000000000000e+03 1.918586000000000169e+01
1.194000000000000000e+03 1.924585899999999938e+01
1.200000000000000000e+03 1.930586100000000016e+01
1.206000000000000000e+03 1.936586000000000141e+01
1.212000000000000000e+03 1.942585899999999910e+01
1.218000000000000000e+03 1.948585900000000137e+01
1.224000000000000000e+03 1.954586000000000112e+01
1.230000000000000000e+03 1.960585999999999984e+01
1.236000000000000000e+03 1.966585900000000109e+01
1.242000000000000000e+03 1.972586099999999831e+01
1.248000000000000000e+03 1.978585999999999956e+01
1.254000000000000000e+03 1.984585999999999828e+01
1.260000000000000000e+03 1.990585899999999953e+01
1.266000000000000000e+03 1.996585999999999927e+01
1.272000000000000000e+03 2.002586000000000155e+01
1.278000000000000000e+03 2.008585899999999924e+01
1.280000000000000000e+03 2.010585999999999984e+01
