0.000000000000000000e+00 3.393270000000000314e-02
1.000000000000000000e+01 3.757080000000000142e-02
2.000000000000000000e+01 3.829479999999999690e-02
3.000000000000000000e+01 3.868980000000000335e-02
4.000000000000000000e+01 3.883480000000000265e-02
5.000000000000000000e+01 3.921150000000000330e-02
6.000000000000000000e+01 3.923200000000000298e-02
7.000000000000000000e+01 3.948460000000000164e-02
8.000000000000000000e+01 3.985629999999999729e-02
9.000000000000000000e+01 4.005430000000000101e-02
1.000000000000000000e+02 3.954080000000000095e-02
