0.000000000000000000e+00 3.954019999999999757e-02
1.000000000000000000e+01 4.849690000000000251e-02
2.000000000000000000e+01 4.790409999999999807e-02
3.000000000000000000e+01 4.860520000000000118e-02
4.000000000000000000e+01 4.935969999999999941e-02
5.000000000000000000e+01 4.904730000000000201e-02
6.000000000000000000e+01 4.947320000000000190e-02
7.000000000000000000e+01 4.970510000000000206e-02
8.000000000000000000e+01 4.933560000000000029e-02
9.000000000000000000e+01 5.047050000000000147e-02
1.000000000000000000e+02 5.116310000000000302e-02
