0.000000000000000000e+00 2.332510000000000139e-02
1.000000000000000000e+01 3.248489999999999711e-02
2.000000000000000000e+01 3.260190000000000310e-02
3.000000000000000000e+01 3.318229999999999791e-02
4.000000000000000000e+01 3.307179999999999842e-02
5.000000000000000000e+01 3.336379999999999901e-02
6.000000000000000000e+01 3.322350000000000303e-02
7.000000000000000000e+01 3.379830000000000334e-02
8.000000000000000000e+01 3.408859999999999668e-02
9.000000000000000000e+01 3.406850000000000156e-02
1.000000000000000000e+02 3.393279999999999907e-02
