0.000000e+00 2.332510000000000139e-02
1.000000e+01 3.248489999999999711e-02
2.000000e+01 3.260190000000000310e-02
3.000000e+01 3.318229999999999791e-02
4.000000e+01 3.307179999999999842e-02
5.000000e+01 3.336379999999999901e-02
6.000000e+01 3.322350000000000303e-02
7.000000e+01 3.379830000000000334e-02
8.000000e+01 3.408859999999999668e-02
9.000000e+01 3.406850000000000156e-02
1.000000e+02 3.393270000000000314e-02
1.100000e+02 3.757080000000000142e-02
1.200000e+02 3.829479999999999690e-02
1.300000e+02 3.868980000000000335e-02
1.400000e+02 3.883480000000000265e-02
1.500000e+02 3.921150000000000330e-02
1.600000e+02 3.923200000000000298e-02
1.700000e+02 3.948460000000000164e-02
1.800000e+02 3.985629999999999729e-02
1.900000e+02 4.005430000000000101e-02
2.000000e+02 3.954019999999999757e-02
2.100000e+02 4.849690000000000251e-02
2.200000e+02 4.790409999999999807e-02
2.300000e+02 4.860520000000000118e-02
2.400000e+02 4.935969999999999941e-02
2.500000e+02 4.904730000000000201e-02
2.600000e+02 4.947320000000000190e-02
2.700000e+02 4.970510000000000206e-02
2.800000e+02 4.933560000000000029e-02
2.900000e+02 5.047050000000000147e-02
3.000000e+02 5.116310000000000302e-02
3.100000e+02 9.258270000000000388e-02
3.200000e+02 9.055570000000000286e-02
3.300000e+02 9.100460000000000493e-02
3.400000e+02 8.948269999999999835e-02
3.500000e+02 9.115349999999999842e-02
3.600000e+02 9.140800000000000314e-02
3.700000e+02 9.009789999999999466e-02
3.800000e+02 9.110060000000000380e-02
3.900000e+02 9.109870000000000467e-02
4.000000e+02 8.913279999999999814e-02
4.100000e+02 9.203150000000000219e-02
4.200000e+02 9.142169999999999463e-02
4.300000e+02 9.243379999999999652e-02
4.400000e+02 9.145449999999999413e-02
4.500000e+02 9.243010000000000115e-02
4.600000e+02 9.094439999999999469e-02
4.700000e+02 9.297439999999999871e-02
4.800000e+02 9.351829999999999865e-02
4.900000e+02 8.987820000000000531e-02
5.000000e+02 9.143990000000000451e-02
