0.000000000000000000e+00 5.116310000000000302e-02
1.000000000000000000e+01 9.258270000000000388e-02
2.000000000000000000e+01 9.055570000000000286e-02
3.000000000000000000e+01 9.100460000000000493e-02
4.000000000000000000e+01 8.948269999999999835e-02
5.000000000000000000e+01 9.115349999999999842e-02
6.000000000000000000e+01 9.140800000000000314e-02
7.000000000000000000e+01 9.009789999999999466e-02
8.000000000000000000e+01 9.110060000000000380e-02
9.000000000000000000e+01 9.109870000000000467e-02
1.000000000000000000e+02 8.913279999999999814e-02
1.100000000000000000e+02 9.203150000000000219e-02
1.200000000000000000e+02 9.142169999999999463e-02
1.300000000000000000e+02 9.243379999999999652e-02
1.400000000000000000e+02 9.145449999999999413e-02
1.500000000000000000e+02 9.243010000000000115e-02
1.600000000000000000e+02 9.094439999999999469e-02
1.700000000000000000e+02 9.297439999999999871e-02
1.800000000000000000e+02 9.351829999999999865e-02
1.900000000000000000e+02 8.987820000000000531e-02
2.000000000000000000e+02 9.143990000000000451e-02
