0.000000000000000000e+00 0.000000000000000000e+00
6.000000000000000000e+00 0.000000000000000000e+00
1.200000000000000000e+01 1.274974194003167922e-04
1.800000000000000000e+01 6.163680161769671600e-04
2.400000000000000000e+01 1.437982742551866325e-03
3.000000000000000000e+01 2.503498732925801482e-03
3.600000000000000000e+01 3.849542847255482854e-03
4.200000000000000000e+01 5.447726839610715112e-03
4.800000000000000000e+01 7.343189796698075533e-03
5.400000000000000000e+01 9.716617595407081587e-03
6.000000000000000000e+01 1.244966406760305254e-02
6.600000000000000000e+01 1.546950363854816130e-02
7.200000000000000000e+01 1.882757872433065902e-02
7.800000000000000000e+01 2.246031485604057382e-02
8.400000000000000000e+01 2.631742341447369793e-02
9.000000000000000000e+01 3.043598926546766878e-02
9.600000000000000000e+01 3.479190729000061072e-02
1.020000000000000000e+02 3.926458063799014020e-02
1.080000000000000000e+02 4.397155914812739264e-02
1.140000000000000000e+02 4.878878617663600509e-02
1.200000000000000000e+02 5.366715551100789683e-02
1.260000000000000000e+02 5.861296657933438847e-02
1.320000000000000000e+02 6.348619305610390950e-02
1.380000000000000000e+02 6.803357320114195028e-02
1.440000000000000000e+02 7.215383842642500434e-02
1.500000000000000000e+02 7.568308268092950597e-02
1.560000000000000000e+02 7.872298966460905545e-02
1.620000000000000000e+02 8.130395266784018471e-02
1.680000000000000000e+02 8.341026506596012358e-02
1.740000000000000000e+02 8.516500031690936445e-02
1.800000000000000000e+02 8.688170477385996626e-02
1.860000000000000000e+02 8.855494313189427036e-02
1.920000000000000000e+02 9.038797915482654766e-02
1.980000000000000000e+02 9.239301289925522243e-02
2.040000000000000000e+02 9.439155480946735677e-02
2.100000000000000000e+02 9.644913294633282452e-02
2.160000000000000000e+02 9.840706559580877921e-02
2.220000000000000000e+02 1.003273093488371015e-01
2.280000000000000000e+02 1.023807325221429837e-01
2.340000000000000000e+02 1.043470536743511812e-01
2.400000000000000000e+02 1.062130046405032058e-01
2.460000000000000000e+02 1.080121482987055070e-01
2.520000000000000000e+02 1.096142144626479215e-01
2.580000000000000000e+02 1.112287503735175098e-01
2.640000000000000000e+02 1.127387814189874660e-01
2.700000000000000000e+02 1.141783067910078081e-01
2.760000000000000000e+02 1.156585788455151281e-01
2.820000000000000000e+02 1.170969589349424023e-01
2.880000000000000000e+02 1.185317668632453192e-01
2.940000000000000000e+02 1.200839767190225449e-01
3.000000000000000000e+02 1.216572769896859391e-01
3.060000000000000000e+02 1.231848655444311852e-01
3.120000000000000000e+02 1.247539501122595096e-01
3.180000000000000000e+02 1.262895233120705785e-01
3.240000000000000000e+02 1.278533603181373213e-01
3.300000000000000000e+02 1.294838953415685667e-01
3.360000000000000000e+02 1.311220198266199455e-01
3.420000000000000000e+02 1.327151391978311501e-01
3.480000000000000000e+02 1.343830647935956024e-01
3.540000000000000000e+02 1.360545921603649455e-01
3.600000000000000000e+02 1.377514382513208846e-01
3.660000000000000000e+02 1.394338136918088222e-01
3.720000000000000000e+02 1.411281217197577764e-01
3.780000000000000000e+02 1.428014136883672958e-01
3.840000000000000000e+02 1.444053478250251488e-01
3.900000000000000000e+02 1.459011917342490916e-01
3.960000000000000000e+02 1.473649045936816504e-01
4.020000000000000000e+02 1.487678240957467646e-01
4.080000000000000000e+02 1.501879151504128540e-01
4.140000000000000000e+02 1.516404117119065642e-01
4.200000000000000000e+02 1.530936061201096376e-01
4.260000000000000000e+02 1.546701874837977109e-01
4.320000000000000000e+02 1.562458940739869517e-01
4.380000000000000000e+02 1.577790638349928776e-01
4.440000000000000000e+02 1.593223938898881420e-01
4.500000000000000000e+02 1.607894714474339126e-01
4.560000000000000000e+02 1.621044915576409506e-01
4.620000000000000000e+02 1.633022075176960852e-01
4.680000000000000000e+02 1.643323311719661894e-01
4.740000000000000000e+02 1.653327871498974089e-01
4.800000000000000000e+02 1.662759809526999089e-01
4.860000000000000000e+02 1.672468411630946838e-01
4.920000000000000000e+02 1.682060903435666499e-01
4.980000000000000000e+02 1.691136541519634995e-01
5.040000000000000000e+02 1.700518986230944996e-01
5.100000000000000000e+02 1.710254977600104143e-01
5.160000000000000000e+02 1.719885301766204133e-01
5.220000000000000000e+02 1.728827328730762058e-01
5.280000000000000000e+02 1.737119959514328849e-01
5.340000000000000000e+02 1.745088572919477887e-01
5.400000000000000000e+02 1.754338496458645036e-01
5.460000000000000000e+02 1.764329215917212201e-01
5.520000000000000000e+02 1.773782190095181399e-01
5.580000000000000000e+02 1.782539045668750377e-01
5.640000000000000000e+02 1.791526977657351694e-01
5.700000000000000000e+02 1.800421513835854803e-01
5.760000000000000000e+02 1.809277493044764151e-01
5.820000000000000000e+02 1.816820413199223549e-01
5.880000000000000000e+02 1.823471832500598300e-01
5.940000000000000000e+02 1.829670124281638499e-01
6.000000000000000000e+02 1.835290212315275615e-01
6.060000000000000000e+02 1.839724136844939073e-01
6.120000000000000000e+02 1.843537823398316289e-01
6.180000000000000000e+02 1.846986778145170705e-01
6.240000000000000000e+02 1.849937600969709939e-01
6.300000000000000000e+02 1.851779595745053908e-01
6.360000000000000000e+02 1.852995753645991228e-01
6.420000000000000000e+02 1.854009896875144781e-01
6.480000000000000000e+02 1.855149596273299173e-01
6.540000000000000000e+02 1.855238354056092664e-01
6.600000000000000000e+02 1.854633028907317627e-01
6.660000000000000000e+02 1.854349483196653381e-01
6.720000000000000000e+02 1.854552915780516564e-01
6.780000000000000000e+02 1.855130298066204331e-01
6.840000000000000000e+02 1.855857624152582874e-01
6.900000000000000000e+02 1.856930199588309183e-01
6.960000000000000000e+02 1.858478323492955553e-01
7.020000000000000000e+02 1.860447576127924607e-01
7.080000000000000000e+02 1.861821596523587363e-01
7.140000000000000000e+02 1.862758928591869700e-01
7.200000000000000000e+02 1.864143358829622732e-01
7.260000000000000000e+02 1.865570086936062244e-01
7.320000000000000000e+02 1.866155054020508242e-01
7.380000000000000000e+02 1.866909977501013673e-01
7.440000000000000000e+02 1.867797888452242261e-01
7.500000000000000000e+02 1.869582900021135585e-01
7.560000000000000000e+02 1.871207935826444124e-01
7.620000000000000000e+02 1.872661361053395146e-01
7.680000000000000000e+02 1.874298207384200998e-01
7.740000000000000000e+02 1.877138427800337794e-01
7.800000000000000000e+02 1.880320124706086338e-01
7.860000000000000000e+02 1.883445022305492433e-01
7.920000000000000000e+02 1.886316430168202274e-01
7.980000000000000000e+02 1.889204042722371080e-01
8.040000000000000000e+02 1.892013232977473591e-01
8.100000000000000000e+02 1.894977239586649598e-01
8.160000000000000000e+02 1.897188160506001475e-01
8.220000000000000000e+02 1.898618006380248524e-01
8.280000000000000000e+02 1.899871968989088611e-01
8.340000000000000000e+02 1.900779458342419237e-01
8.400000000000000000e+02 1.901600559513846878e-01
8.460000000000000000e+02 1.902228080661645671e-01
8.520000000000000000e+02 1.902622398348211286e-01
8.580000000000000000e+02 1.902924711800015600e-01
8.640000000000000000e+02 1.903681978181542833e-01
8.700000000000000000e+02 1.904688829310706155e-01
8.760000000000000000e+02 1.906092095303520140e-01
8.820000000000000000e+02 1.908125451034465292e-01
8.880000000000000000e+02 1.910237180284723724e-01
8.940000000000000000e+02 1.912243906952010575e-01
9.000000000000000000e+02 1.914595555545551553e-01
9.060000000000000000e+02 1.916478342815821634e-01
9.120000000000000000e+02 1.917966111615461156e-01
9.180000000000000000e+02 1.919535242026426114e-01
9.240000000000000000e+02 1.920707977251159548e-01
9.300000000000000000e+02 1.922060256332918937e-01
9.360000000000000000e+02 1.923181984655224497e-01
9.420000000000000000e+02 1.924949724643321702e-01
9.480000000000000000e+02 1.927064396352419495e-01
9.540000000000000000e+02 1.929402357627758580e-01
9.600000000000000000e+02 1.931850817700781764e-01
9.660000000000000000e+02 1.934259140660081200e-01
9.720000000000000000e+02 1.936274668473285387e-01
9.780000000000000000e+02 1.938594667353616408e-01
9.840000000000000000e+02 1.939956604495717274e-01
9.900000000000000000e+02 1.940690609048883741e-01
9.960000000000000000e+02 1.941117740054821850e-01
1.002000000000000000e+03 1.941210903803547438e-01
1.008000000000000000e+03 1.941426659399868859e-01
1.014000000000000000e+03 1.941320753002593602e-01
1.020000000000000000e+03 1.941177626264007083e-01
1.026000000000000000e+03 1.941120240047697898e-01
1.032000000000000000e+03 1.941169444023334301e-01
1.038000000000000000e+03 1.941464996952385613e-01
1.044000000000000000e+03 1.941825440089629540e-01
1.050000000000000000e+03 1.942039214275063375e-01
1.056000000000000000e+03 1.942762104214330043e-01
1.062000000000000000e+03 1.943474619559036332e-01
1.068000000000000000e+03 1.943939224742449179e-01
1.074000000000000000e+03 1.944515970856017795e-01
1.080000000000000000e+03 1.944970779543158390e-01
1.086000000000000000e+03 1.945069512878741802e-01
1.092000000000000000e+03 1.945439020549844800e-01
1.098000000000000000e+03 1.945950199328677910e-01
1.104000000000000000e+03 1.946243915626370835e-01
1.110000000000000000e+03 1.946550235608767165e-01
1.116000000000000000e+03 1.946984805636085003e-01
1.122000000000000000e+03 1.947346452901897451e-01
1.128000000000000000e+03 1.947879432113148734e-01
1.134000000000000000e+03 1.948512019663826422e-01
1.140000000000000000e+03 1.948968916348485236e-01
1.146000000000000000e+03 1.949788471211532370e-01
1.152000000000000000e+03 1.950669632841899315e-01
1.158000000000000000e+03 1.951854752435930596e-01
1.164000000000000000e+03 1.952999185441501862e-01
1.170000000000000000e+03 1.953779605723684476e-01
1.176000000000000000e+03 1.954502759851068361e-01
1.182000000000000000e+03 1.955188185570715109e-01
1.188000000000000000e+03 1.955399135330671834e-01
1.194000000000000000e+03 1.955399841451206100e-01
1.200000000000000000e+03 1.954872094807098282e-01
1.206000000000000000e+03 1.954299375223064739e-01
1.212000000000000000e+03 1.953761449877046419e-01
1.218000000000000000e+03 1.953157590353637729e-01
1.224000000000000000e+03 1.952595548819891502e-01
1.230000000000000000e+03 1.952389759420634918e-01
1.236000000000000000e+03 1.952433532996037946e-01
1.242000000000000000e+03 1.952570940990237536e-01
1.248000000000000000e+03 1.952796916620791745e-01
1.254000000000000000e+03 1.952899700894373813e-01
1.260000000000000000e+03 1.952536231786639320e-01
1.266000000000000000e+03 1.952224025343362313e-01
1.272000000000000000e+03 1.951487436956416410e-01
1.278000000000000000e+03 1.950785866428530191e-01
1.280000000000000000e+03 1.950585698109394417e-01
