0.000000000000000000e+00 -5.992039100000000687e-03
6.000000000000000000e+00 3.704131565000000348e-02
1.200000000000000000e+01 8.298169823333333139e-02
1.800000000000000000e+01 1.147416325500000001e-01
2.400000000000000000e+01 1.474074124799999996e-01
3.000000000000000000e+01 1.804568606666666630e-01
3.600000000000000000e+01 2.062710626285714499e-01
4.200000000000000000e+01 2.267310030374999896e-01
4.800000000000000000e+01 2.518440350333333577e-01
5.400000000000000000e+01 2.695722584799999932e-01
6.000000000000000000e+01 2.899787177545454231e-01
6.600000000000000000e+01 3.105440817666666464e-01
7.200000000000000000e+01 3.284488413999999690e-01
7.800000000000000000e+01 3.451931729000000115e-01
8.400000000000000000e+01 3.908374703357142543e-01
9.000000000000000000e+01 4.241359627714286207e-01
9.600000000000000000e+01 4.563208705214286121e-01
1.020000000000000000e+02 4.858515066857143627e-01
1.080000000000000000e+02 5.083692574571428979e-01
1.140000000000000000e+02 5.268875122000000744e-01
1.200000000000000000e+02 5.446238595071429822e-01
1.260000000000000000e+02 5.486527448357142456e-01
1.320000000000000000e+02 5.343870500857142991e-01
1.380000000000000000e+02 5.141787057071428579e-01
1.440000000000000000e+02 4.905807111500000706e-01
1.500000000000000000e+02 4.658842651428571346e-01
1.560000000000000000e+02 4.418833060214286124e-01
1.620000000000000000e+02 4.163121582142857435e-01
1.680000000000000000e+02 3.953815796000000327e-01
1.740000000000000000e+02 3.683240775071428552e-01
1.800000000000000000e+02 3.383516374928571269e-01
1.860000000000000000e+02 3.187589965857142715e-01
1.920000000000000000e+02 2.904453944642856889e-01
1.980000000000000000e+02 2.674288364928571471e-01
2.040000000000000000e+02 2.360528712642857296e-01
2.100000000000000000e+02 2.229309735928571290e-01
2.160000000000000000e+02 2.260803074357143061e-01
2.220000000000000000e+02 2.294503749285714544e-01
2.280000000000000000e+02 2.336439156642857173e-01
2.340000000000000000e+02 2.333141052214286193e-01
2.400000000000000000e+02 2.238535496285714299e-01
2.460000000000000000e+02 2.206680245499999804e-01
2.520000000000000000e+02 2.103399187357142819e-01
2.580000000000000000e+02 2.129504856642857324e-01
2.640000000000000000e+02 2.141256827214285674e-01
2.700000000000000000e+02 2.039925755142857344e-01
2.760000000000000000e+02 1.993157470714285728e-01
2.820000000000000000e+02 1.899494236571428740e-01
2.880000000000000000e+02 1.950151001071428747e-01
2.940000000000000000e+02 1.884023664285714439e-01
3.000000000000000000e+02 1.843847638857142868e-01
3.060000000000000000e+02 1.846731262214285629e-01
3.120000000000000000e+02 1.832311662999999979e-01
3.180000000000000000e+02 1.824994445857142655e-01
3.240000000000000000e+02 1.920002083928571690e-01
3.300000000000000000e+02 1.936393249499999691e-01
3.360000000000000000e+02 1.945289524571428841e-01
3.420000000000000000e+02 1.973781807928571552e-01
3.480000000000000000e+02 1.977861118785714523e-01
3.540000000000000000e+02 1.964942644285714302e-01
3.600000000000000000e+02 2.004554530500000098e-01
3.660000000000000000e+02 2.038406424357142865e-01
3.720000000000000000e+02 1.978335893857142980e-01
3.780000000000000000e+02 1.946623508928571333e-01
3.840000000000000000e+02 1.924474426214285994e-01
3.900000000000000000e+02 1.903053536500000364e-01
3.960000000000000000e+02 1.878735281714285776e-01
4.020000000000000000e+02 1.917487234857142842e-01
4.080000000000000000e+02 1.885198808857143082e-01
4.140000000000000000e+02 1.935805071071428629e-01
4.200000000000000000e+02 1.901935703785714027e-01
4.260000000000000000e+02 1.852720921071428772e-01
4.320000000000000000e+02 1.813615251785714311e-01
4.380000000000000000e+02 1.783172502785714542e-01
4.440000000000000000e+02 1.715550920714285776e-01
4.500000000000000000e+02 1.634979470357142972e-01
4.560000000000000000e+02 1.577239698071428720e-01
4.620000000000000000e+02 1.587160622714285929e-01
4.680000000000000000e+02 1.517533137714285885e-01
4.740000000000000000e+02 1.526392817928571566e-01
4.800000000000000000e+02 1.527399008642857381e-01
4.860000000000000000e+02 1.393974781571428734e-01
4.920000000000000000e+02 1.340001558571428386e-01
4.980000000000000000e+02 1.232493597857142881e-01
5.040000000000000000e+02 1.219303272785714348e-01
5.100000000000000000e+02 1.141933330000000080e-01
5.160000000000000000e+02 1.110570484714285822e-01
5.220000000000000000e+02 1.074220108000000090e-01
5.280000000000000000e+02 1.094167914214285858e-01
5.340000000000000000e+02 1.159159129500000052e-01
5.400000000000000000e+02 1.180481796214285783e-01
5.460000000000000000e+02 1.142407948000000173e-01
5.520000000000000000e+02 1.118705472571428633e-01
5.580000000000000000e+02 1.067501030928571515e-01
5.640000000000000000e+02 1.039943003928571474e-01
5.700000000000000000e+02 1.032780460785714255e-01
5.760000000000000000e+02 1.024519034142857415e-01
5.820000000000000000e+02 9.845786720714286289e-02
5.880000000000000000e+02 9.156998595714285760e-02
5.940000000000000000e+02 8.562933142142857557e-02
6.000000000000000000e+02 7.880130276428572167e-02
6.060000000000000000e+02 7.801905876428572029e-02
6.120000000000000000e+02 7.077251335714286606e-02
6.180000000000000000e+02 5.722428261428571389e-02
6.240000000000000000e+02 4.798849029285714302e-02
6.300000000000000000e+02 4.292141172857143194e-02
6.360000000000000000e+02 3.883250781428571052e-02
6.420000000000000000e+02 2.926813272857142767e-02
6.480000000000000000e+02 1.876891430714286088e-02
6.540000000000000000e+02 1.742015746428571613e-02
6.600000000000000000e+02 1.412877824285714394e-02
6.660000000000000000e+02 1.205464962857142990e-02
6.720000000000000000e+02 9.318113542857142315e-03
6.780000000000000000e+02 1.391934917857142948e-02
6.840000000000000000e+02 1.176561622857142872e-02
6.900000000000000000e+02 8.686541914285713858e-03
6.960000000000000000e+02 6.845180842857143642e-03
7.020000000000000000e+02 5.993199707142857560e-03
7.080000000000000000e+02 9.850068992857143740e-03
7.140000000000000000e+02 1.367673923571428689e-02
7.200000000000000000e+02 9.298098599999998770e-03
7.260000000000000000e+02 1.192574905000000178e-02
7.320000000000000000e+02 1.470255296428571445e-02
7.380000000000000000e+02 1.907033751428571441e-02
7.440000000000000000e+02 1.613147142142857052e-02
7.500000000000000000e+02 1.684593380714285646e-02
7.560000000000000000e+02 1.752071124999999771e-02
7.620000000000000000e+02 1.783694769285714549e-02
7.680000000000000000e+02 2.282349968571428800e-02
7.740000000000000000e+02 2.284325306428571650e-02
7.800000000000000000e+02 2.655387639285714321e-02
7.860000000000000000e+02 2.766535563571428935e-02
7.920000000000000000e+02 2.619700443571428700e-02
7.980000000000000000e+02 2.568430541428571093e-02
8.040000000000000000e+02 2.993257942142857342e-02
8.100000000000000000e+02 2.886118992142857470e-02
8.160000000000000000e+02 2.862199477857143085e-02
8.220000000000000000e+02 2.386377416428571777e-02
8.280000000000000000e+02 2.330480799285714402e-02
8.340000000000000000e+02 2.088899245000000113e-02
8.400000000000000000e+02 2.150846735000000107e-02
8.460000000000000000e+02 1.739646107857142909e-02
8.520000000000000000e+02 1.413353492142857201e-02
8.580000000000000000e+02 1.425409199285714197e-02
8.640000000000000000e+02 1.309618423571428693e-02
8.700000000000000000e+02 1.620763611428571380e-02
8.760000000000000000e+02 1.762662797142857188e-02
8.820000000000000000e+02 1.511826997142857142e-02
8.880000000000000000e+02 1.599695519285714365e-02
8.940000000000000000e+02 1.715156623571428493e-02
9.000000000000000000e+02 1.442382837857142906e-02
9.060000000000000000e+02 1.684511117142857214e-02
9.120000000000000000e+02 1.739853725714285773e-02
9.180000000000000000e+02 2.160896927857142852e-02
9.240000000000000000e+02 1.765755751428571899e-02
9.300000000000000000e+02 2.335926584285714577e-02
9.360000000000000000e+02 2.521497895000000128e-02
9.420000000000000000e+02 2.282759977142857083e-02
9.480000000000000000e+02 2.427095652857142946e-02
9.540000000000000000e+02 2.246967997142857235e-02
9.600000000000000000e+02 1.983883742857142987e-02
9.660000000000000000e+02 2.009733177857142908e-02
9.720000000000000000e+02 1.933374305714286034e-02
9.780000000000000000e+02 1.768211614285714398e-02
9.840000000000000000e+02 1.792609556428571491e-02
9.900000000000000000e+02 1.510885070714285995e-02
9.960000000000000000e+02 1.768859962142857456e-02
1.002000000000000000e+03 1.167306770000000118e-02
1.008000000000000000e+03 1.342980818571428737e-02
1.014000000000000000e+03 9.886930992857144093e-03
1.020000000000000000e+03 5.698902764285715059e-03
1.026000000000000000e+03 5.030877821428572302e-03
1.032000000000000000e+03 3.644667407142857495e-03
1.038000000000000000e+03 2.942717907142857435e-03
1.044000000000000000e+03 3.900623764285714341e-03
1.050000000000000000e+03 4.028931871428572016e-03
1.056000000000000000e+03 2.293597871428571747e-03
1.062000000000000000e+03 2.856289821428571567e-03
1.068000000000000000e+03 4.733079678571429361e-03
1.074000000000000000e+03 3.956828707142857199e-03
1.080000000000000000e+03 2.598884135714285819e-03
1.086000000000000000e+03 6.759801150000000446e-03
1.092000000000000000e+03 7.014874921428572267e-03
1.098000000000000000e+03 4.471018164285715454e-03
1.104000000000000000e+03 5.782518007142856999e-03
1.110000000000000000e+03 6.117596500000000055e-03
1.116000000000000000e+03 3.738207314285714542e-03
1.122000000000000000e+03 5.746641200000000317e-03
1.128000000000000000e+03 5.188252278571428913e-03
1.134000000000000000e+03 6.272490057142857643e-03
1.140000000000000000e+03 6.109056807142856753e-03
1.146000000000000000e+03 9.099673185714285059e-03
1.152000000000000000e+03 9.931144550000001528e-03
1.158000000000000000e+03 8.376380757142856334e-03
1.164000000000000000e+03 8.426692064285713421e-03
1.170000000000000000e+03 6.995266371428571044e-03
1.176000000000000000e+03 6.006585964285713827e-03
1.182000000000000000e+03 5.686447792857142643e-03
1.188000000000000000e+03 3.962196564285714803e-03
1.194000000000000000e+03 4.005226971428571016e-03
1.200000000000000000e+03 2.575470257142856764e-03
1.206000000000000000e+03 8.750844785714281858e-04
1.212000000000000000e+03 8.591200214285711579e-04
1.218000000000000000e+03 -5.741542214285717729e-04
1.224000000000000000e+03 8.075755071428569439e-04
1.230000000000000000e+03 -1.783427571428571751e-03
1.236000000000000000e+03 -2.564404714285714506e-03
1.242000000000000000e+03 -1.482301421428572049e-03
1.248000000000000000e+03 -5.476141828571429691e-03
1.254000000000000000e+03 -5.668053964285714799e-03
1.260000000000000000e+03 -6.182812921428572535e-03
1.266000000000000000e+03 -5.368933714285714989e-03
1.272000000000000000e+03 -1.601674171428571622e-03
1.278000000000000000e+03 6.960771999999995499e-04
1.280000000000000000e+03 4.409267335714285065e-03
