0.000000000000000000e+00 -6.557294531199999619e+04
6.000000000000000000e+00 -6.554766210899999714e+04
1.200000000000000000e+01 -6.551792317666666349e+04
1.800000000000000000e+01 -6.545978613249999762e+04
2.400000000000000000e+01 -6.526973203099999955e+04
3.000000000000000000e+01 -6.510178124983332964e+04
3.600000000000000000e+01 -6.500419363828571659e+04
4.200000000000000000e+01 -6.472531138385714439e+04
4.800000000000000000e+01 -6.435505468742857192e+04
5.400000000000000000e+01 -6.390852008928571740e+04
6.000000000000000000e+01 -6.350216015628571768e+04
6.600000000000000000e+01 -6.307144866071428260e+04
7.200000000000000000e+01 -6.264725111599999946e+04
7.800000000000000000e+01 -6.212154966499999864e+04
8.400000000000000000e+01 -6.163434151771428151e+04
9.000000000000000000e+01 -6.116923828114285425e+04
9.600000000000000000e+01 -6.073276060257142672e+04
1.020000000000000000e+02 -6.022912499985714385e+04
1.080000000000000000e+02 -5.977015680785714358e+04
1.140000000000000000e+02 -5.924403403999999864e+04
1.200000000000000000e+02 -5.873847042399999918e+04
1.260000000000000000e+02 -5.857676060257142672e+04
1.320000000000000000e+02 -5.888520814728571713e+04
1.380000000000000000e+02 -5.939438002228571713e+04
1.440000000000000000e+02 -6.001899609371428232e+04
1.500000000000000000e+02 -6.075517075900000054e+04
1.560000000000000000e+02 -6.150120479928571876e+04
1.620000000000000000e+02 -6.235831808057142916e+04
1.680000000000000000e+02 -6.287931305828571931e+04
1.740000000000000000e+02 -6.299769196442857356e+04
1.800000000000000000e+02 -6.299767410728571849e+04
1.860000000000000000e+02 -6.293574107157142862e+04
1.920000000000000000e+02 -6.283241238857142889e+04
1.980000000000000000e+02 -6.282028738857142889e+04
2.040000000000000000e+02 -6.271685100457142835e+04
2.100000000000000000e+02 -6.265129296885714575e+04
2.160000000000000000e+02 -6.254054352700000163e+04
2.220000000000000000e+02 -6.245437555828571931e+04
2.280000000000000000e+02 -6.234772042428571876e+04
2.340000000000000000e+02 -6.231863671885714575e+04
2.400000000000000000e+02 -6.219592243314285588e+04
2.460000000000000000e+02 -6.223356082600000082e+04
2.520000000000000000e+02 -6.228552232142857247e+04
2.580000000000000000e+02 -6.246111216514285479e+04
2.640000000000000000e+02 -6.251122712042857165e+04
2.700000000000000000e+02 -6.266936774557142780e+04
2.760000000000000000e+02 -6.260443080357142753e+04
2.820000000000000000e+02 -6.275407589271428151e+04
2.880000000000000000e+02 -6.274275837042857165e+04
2.940000000000000000e+02 -6.271877957585714466e+04
3.000000000000000000e+02 -6.262709374985714385e+04
3.060000000000000000e+02 -6.260372600442857220e+04
3.120000000000000000e+02 -6.253291629457142699e+04
3.180000000000000000e+02 -6.259519140628571768e+04
3.240000000000000000e+02 -6.244380524571428396e+04
3.300000000000000000e+02 -6.240381975471427722e+04
3.360000000000000000e+02 -6.241432421899999463e+04
3.420000000000000000e+02 -6.238810881728570530e+04
3.480000000000000000e+02 -6.234978962071428396e+04
3.540000000000000000e+02 -6.225658705371428368e+04
3.600000000000000000e+02 -6.229163058042857301e+04
3.660000000000000000e+02 -6.233331026785714494e+04
3.720000000000000000e+02 -6.233599776785714494e+04
3.780000000000000000e+02 -6.220026841514284752e+04
3.840000000000000000e+02 -6.213811272314285452e+04
3.900000000000000000e+02 -6.214069084828570340e+04
3.960000000000000000e+02 -6.216641629471427586e+04
4.020000000000000000e+02 -6.205116852685713820e+04
4.080000000000000000e+02 -6.199126618314284860e+04
4.140000000000000000e+02 -6.184177064742856601e+04
4.200000000000000000e+02 -6.181421316985714657e+04
4.260000000000000000e+02 -6.172367801357142162e+04
4.320000000000000000e+02 -6.161653515642857383e+04
4.380000000000000000e+02 -6.148031975457142835e+04
4.440000000000000000e+02 -6.138037109385714575e+04
4.500000000000000000e+02 -6.137091964300000109e+04
4.560000000000000000e+02 -6.135243303585714602e+04
4.620000000000000000e+02 -6.133869977685714548e+04
4.680000000000000000e+02 -6.135163002242857328e+04
4.740000000000000000e+02 -6.132484095985714521e+04
4.800000000000000000e+02 -6.129320758942857356e+04
4.860000000000000000e+02 -6.128088504471428314e+04
4.920000000000000000e+02 -6.123431417414285534e+04
4.980000000000000000e+02 -6.124048604899999918e+04
5.040000000000000000e+02 -6.128405133914285398e+04
5.100000000000000000e+02 -6.128362444185714412e+04
5.160000000000000000e+02 -6.133516796871428232e+04
5.220000000000000000e+02 -6.137785714285714494e+04
5.280000000000000000e+02 -6.143293080371428368e+04
5.340000000000000000e+02 -6.147322935285714630e+04
5.400000000000000000e+02 -6.143796316985714657e+04
5.460000000000000000e+02 -6.133950390642857383e+04
5.520000000000000000e+02 -6.137036328142857383e+04
5.580000000000000000e+02 -6.131813727685714548e+04
5.640000000000000000e+02 -6.131426785714285506e+04
5.700000000000000000e+02 -6.124792020085714466e+04
5.760000000000000000e+02 -6.123576785699999891e+04
5.820000000000000000e+02 -6.127639229899999918e+04
5.880000000000000000e+02 -6.146065345985714521e+04
5.940000000000000000e+02 -6.178227957600000082e+04
6.000000000000000000e+02 -6.218293861628571904e+04
6.060000000000000000e+02 -6.253666294657142862e+04
6.120000000000000000e+02 -6.291563671885714575e+04
6.180000000000000000e+02 -6.327246651800000109e+04
6.240000000000000000e+02 -6.364411383942857356e+04
6.300000000000000000e+02 -6.391144977685714548e+04
6.360000000000000000e+02 -6.397175055799999973e+04
6.420000000000000000e+02 -6.391847377228572441e+04
6.480000000000000000e+02 -6.392388113842856546e+04
6.540000000000000000e+02 -6.398618973214285506e+04
6.600000000000000000e+02 -6.392615848214285506e+04
6.660000000000000000e+02 -6.392268191971427586e+04
6.720000000000000000e+02 -6.394779352685713820e+04
6.780000000000000000e+02 -6.389998549114284833e+04
6.840000000000000000e+02 -6.396185267857142753e+04
6.900000000000000000e+02 -6.407457812500000000e+04
6.960000000000000000e+02 -6.411431696428570285e+04
7.020000000000000000e+02 -6.417148772328571795e+04
7.080000000000000000e+02 -6.421637667414285534e+04
7.140000000000000000e+02 -6.425128404014285479e+04
7.200000000000000000e+02 -6.429357421871428232e+04
7.260000000000000000e+02 -6.433185937500000000e+04
7.320000000000000000e+02 -6.425640736614285561e+04
7.380000000000000000e+02 -6.421579073671428341e+04
7.440000000000000000e+02 -6.417934151785714494e+04
7.500000000000000000e+02 -6.422441350442857220e+04
7.560000000000000000e+02 -6.418200167414285534e+04
7.620000000000000000e+02 -6.418799665185714548e+04
7.680000000000000000e+02 -6.424148214285714494e+04
7.740000000000000000e+02 -6.422447098199999891e+04
7.800000000000000000e+02 -6.424574944185714412e+04
7.860000000000000000e+02 -6.434945647314285452e+04
7.920000000000000000e+02 -6.429407310257142672e+04
7.980000000000000000e+02 -6.435144587042857165e+04
8.040000000000000000e+02 -6.439268638385714439e+04
8.100000000000000000e+02 -6.426968024542857893e+04
8.160000000000000000e+02 -6.434837444200000027e+04
8.220000000000000000e+02 -6.425660714285714494e+04
8.280000000000000000e+02 -6.419350446428571740e+04
8.340000000000000000e+02 -6.420976506700000027e+04
8.400000000000000000e+02 -6.417008872771428287e+04
8.460000000000000000e+02 -6.416588504457142699e+04
8.520000000000000000e+02 -6.428037332585715194e+04
8.580000000000000000e+02 -6.423222209814285452e+04
8.640000000000000000e+02 -6.437995647314285452e+04
8.700000000000000000e+02 -6.446444140614286152e+04
8.760000000000000000e+02 -6.449522712042857893e+04
8.820000000000000000e+02 -6.454536495528571686e+04
8.880000000000000000e+02 -6.459992912942857947e+04
8.940000000000000000e+02 -6.455496149557142053e+04
9.000000000000000000e+02 -6.458190625000000000e+04
9.060000000000000000e+02 -6.458813839285714494e+04
9.120000000000000000e+02 -6.458865792414284806e+04
9.180000000000000000e+02 -6.459837053571428260e+04
9.240000000000000000e+02 -6.458311941957142699e+04
9.300000000000000000e+02 -6.456672712057142053e+04
9.360000000000000000e+02 -6.454659151785714494e+04
9.420000000000000000e+02 -6.457319642857142753e+04
9.480000000000000000e+02 -6.456496540185714548e+04
9.540000000000000000e+02 -6.463499386171428341e+04
9.600000000000000000e+02 -6.472838671885714575e+04
9.660000000000000000e+02 -6.476286997785714630e+04
9.720000000000000000e+02 -6.480784207600000082e+04
9.780000000000000000e+02 -6.485301562514285615e+04
9.840000000000000000e+02 -6.486367633942857356e+04
9.900000000000000000e+02 -6.485379129471428314e+04
9.960000000000000000e+02 -6.485383426342857274e+04
1.002000000000000000e+03 -6.476903571428571740e+04
1.008000000000000000e+03 -6.470876004457142699e+04
1.014000000000000000e+03 -6.472835379457142699e+04
1.020000000000000000e+03 -6.478953794628571632e+04
1.026000000000000000e+03 -6.486330468742857192e+04
1.032000000000000000e+03 -6.491118973214285506e+04
1.038000000000000000e+03 -6.484372767857142753e+04
1.044000000000000000e+03 -6.496969140628571768e+04
1.050000000000000000e+03 -6.497765290185714548e+04
1.056000000000000000e+03 -6.484269698671428341e+04
1.062000000000000000e+03 -6.481671484385714575e+04
1.068000000000000000e+03 -6.470374218757142808e+04
1.074000000000000000e+03 -6.473558537942857220e+04
1.080000000000000000e+03 -6.476518861599999946e+04
1.086000000000000000e+03 -6.468240122771428287e+04
1.092000000000000000e+03 -6.478778683042857301e+04
1.098000000000000000e+03 -6.486019475457142835e+04
1.104000000000000000e+03 -6.482058872785714630e+04
1.110000000000000000e+03 -6.486720312514285615e+04
1.116000000000000000e+03 -6.481173604928571876e+04
1.122000000000000000e+03 -6.480827734400000190e+04
1.128000000000000000e+03 -6.484766908500000136e+04
1.134000000000000000e+03 -6.485543247785714630e+04
1.140000000000000000e+03 -6.487950613842857274e+04
1.146000000000000000e+03 -6.493842187500000000e+04
1.152000000000000000e+03 -6.495712276785714494e+04
1.158000000000000000e+03 -6.492421930799999973e+04
1.164000000000000000e+03 -6.490740848214285506e+04
1.170000000000000000e+03 -6.487408705357142753e+04
1.176000000000000000e+03 -6.480233203128571768e+04
1.182000000000000000e+03 -6.481853404028571822e+04
1.188000000000000000e+03 -6.475789118314285588e+04
1.194000000000000000e+03 -6.482256082600000082e+04
1.200000000000000000e+03 -6.491178906271428423e+04
1.206000000000000000e+03 -6.485924721000000136e+04
1.212000000000000000e+03 -6.483014955371428368e+04
1.218000000000000000e+03 -6.485706696428571740e+04
1.224000000000000000e+03 -6.488543526785714494e+04
1.230000000000000000e+03 -6.498729296871428232e+04
1.236000000000000000e+03 -6.494836551342857274e+04
1.242000000000000000e+03 -6.495139843742857192e+04
1.248000000000000000e+03 -6.504680859357142617e+04
1.254000000000000000e+03 -6.517058928557142644e+04
1.260000000000000000e+03 -6.519193973214285506e+04
1.266000000000000000e+03 -6.517275223214285506e+04
1.272000000000000000e+03 -6.515210044642857247e+04
1.278000000000000000e+03 -6.519028794642857247e+04
