0.000000000000000000e+00 -5.882375000000000000e+05
6.000000000000000000e+00 -5.880738750000000000e+05
1.200000000000000000e+01 -5.881528958333333721e+05
1.800000000000000000e+01 -5.879926250000000000e+05
2.400000000000000000e+01 -5.879102500000000000e+05
3.000000000000000000e+01 -5.879469479166666279e+05
3.600000000000000000e+01 -5.879012500000000000e+05
4.200000000000000000e+01 -5.878297053571428405e+05
4.800000000000000000e+01 -5.878276964285714785e+05
5.400000000000000000e+01 -5.876487857142856810e+05
6.000000000000000000e+01 -5.875427232142856810e+05
6.600000000000000000e+01 -5.875220892857143190e+05
7.200000000000000000e+01 -5.872803125000000000e+05
7.800000000000000000e+01 -5.868886339285714785e+05
8.400000000000000000e+01 -5.864914732142856810e+05
9.000000000000000000e+01 -5.860052767857143190e+05
9.600000000000000000e+01 -5.855941428571428405e+05
1.020000000000000000e+02 -5.850464732142856810e+05
1.080000000000000000e+02 -5.843405803571428405e+05
1.140000000000000000e+02 -5.838105982142856810e+05
1.200000000000000000e+02 -5.833448482142856810e+05
1.260000000000000000e+02 -5.825835625000000000e+05
1.320000000000000000e+02 -5.820217678571428405e+05
1.380000000000000000e+02 -5.815748125000000000e+05
1.440000000000000000e+02 -5.813788125000000000e+05
1.500000000000000000e+02 -5.813297321428571595e+05
1.560000000000000000e+02 -5.811330178571428405e+05
1.620000000000000000e+02 -5.810771875000000000e+05
1.680000000000000000e+02 -5.812784107142856810e+05
1.740000000000000000e+02 -5.813319107142856810e+05
1.800000000000000000e+02 -5.812598125000000000e+05
1.860000000000000000e+02 -5.810921071428571595e+05
1.920000000000000000e+02 -5.807875892857143190e+05
1.980000000000000000e+02 -5.804467767857143190e+05
2.040000000000000000e+02 -5.802284553571428405e+05
2.100000000000000000e+02 -5.800372053571428405e+05
2.160000000000000000e+02 -5.799144017857143190e+05
2.220000000000000000e+02 -5.797682410714285215e+05
2.280000000000000000e+02 -5.800357857142856810e+05
2.340000000000000000e+02 -5.802823035714285215e+05
2.400000000000000000e+02 -5.808411339285714785e+05
2.460000000000000000e+02 -5.814717589285714785e+05
2.520000000000000000e+02 -5.821172767857143190e+05
2.580000000000000000e+02 -5.825587500000000000e+05
2.640000000000000000e+02 -5.831349285714285215e+05
2.700000000000000000e+02 -5.832024017857143190e+05
2.760000000000000000e+02 -5.835556339285714785e+05
2.820000000000000000e+02 -5.836651071428571595e+05
2.880000000000000000e+02 -5.835634910714285215e+05
2.940000000000000000e+02 -5.834199553571428405e+05
3.000000000000000000e+02 -5.833372232142856810e+05
3.060000000000000000e+02 -5.831209910714285215e+05
3.120000000000000000e+02 -5.830149017857143190e+05
3.180000000000000000e+02 -5.827120982142856810e+05
3.240000000000000000e+02 -5.824878571428571595e+05
3.300000000000000000e+02 -5.822874017857143190e+05
3.360000000000000000e+02 -5.820165357142856810e+05
3.420000000000000000e+02 -5.818170446428571595e+05
3.480000000000000000e+02 -5.816893750000000000e+05
3.540000000000000000e+02 -5.815363482142856810e+05
3.600000000000000000e+02 -5.813465357142856810e+05
3.660000000000000000e+02 -5.812304107142856810e+05
3.720000000000000000e+02 -5.813959732142856810e+05
3.780000000000000000e+02 -5.817399017857143190e+05
3.840000000000000000e+02 -5.819695803571428405e+05
3.900000000000000000e+02 -5.821391785714285215e+05
3.960000000000000000e+02 -5.823753214285714785e+05
4.020000000000000000e+02 -5.826765000000000000e+05
4.080000000000000000e+02 -5.828742678571428405e+05
4.140000000000000000e+02 -5.828752410714285215e+05
4.200000000000000000e+02 -5.828207857142856810e+05
4.260000000000000000e+02 -5.830740267857143190e+05
4.320000000000000000e+02 -5.832763750000000000e+05
4.380000000000000000e+02 -5.835293214285714785e+05
4.440000000000000000e+02 -5.838019732142856810e+05
4.500000000000000000e+02 -5.842149910714285215e+05
4.560000000000000000e+02 -5.846538571428571595e+05
4.620000000000000000e+02 -5.848797589285714785e+05
4.680000000000000000e+02 -5.850444553571428405e+05
4.740000000000000000e+02 -5.851917232142856810e+05
4.800000000000000000e+02 -5.853532053571428405e+05
4.860000000000000000e+02 -5.855618214285714785e+05
4.920000000000000000e+02 -5.854771160714285215e+05
4.980000000000000000e+02 -5.853193928571428405e+05
5.040000000000000000e+02 -5.853880714285714785e+05
5.100000000000000000e+02 -5.853671696428571595e+05
5.160000000000000000e+02 -5.853924553571428405e+05
5.220000000000000000e+02 -5.853910803571428405e+05
5.280000000000000000e+02 -5.853023303571428405e+05
5.340000000000000000e+02 -5.852747589285714785e+05
5.400000000000000000e+02 -5.852361160714285215e+05
5.460000000000000000e+02 -5.853311517857143190e+05
5.520000000000000000e+02 -5.853795714285714785e+05
5.580000000000000000e+02 -5.854794375000000000e+05
5.640000000000000000e+02 -5.854662410714285215e+05
5.700000000000000000e+02 -5.855289821428571595e+05
5.760000000000000000e+02 -5.857083303571428405e+05
5.820000000000000000e+02 -5.860766785714285215e+05
5.880000000000000000e+02 -5.861999196428571595e+05
5.940000000000000000e+02 -5.864398839285714785e+05
6.000000000000000000e+02 -5.868452053571428405e+05
6.060000000000000000e+02 -5.871690892857143190e+05
6.120000000000000000e+02 -5.874111250000000000e+05
6.180000000000000000e+02 -5.877732946428571595e+05
6.240000000000000000e+02 -5.879387946428571595e+05
6.300000000000000000e+02 -5.880388125000000000e+05
6.360000000000000000e+02 -5.882931339285714785e+05
6.420000000000000000e+02 -5.882774910714285215e+05
6.480000000000000000e+02 -5.883647410714285215e+05
6.540000000000000000e+02 -5.884462857142856810e+05
6.600000000000000000e+02 -5.884815267857143190e+05
6.660000000000000000e+02 -5.885399375000000000e+05
6.720000000000000000e+02 -5.888265892857143190e+05
6.780000000000000000e+02 -5.887558839285714785e+05
6.840000000000000000e+02 -5.887816875000000000e+05
6.900000000000000000e+02 -5.888375089285714785e+05
6.960000000000000000e+02 -5.887791250000000000e+05
7.020000000000000000e+02 -5.887333392857143190e+05
7.080000000000000000e+02 -5.885873392857143190e+05
7.140000000000000000e+02 -5.884795714285714785e+05
7.200000000000000000e+02 -5.884756785714285215e+05
7.260000000000000000e+02 -5.883980982142856810e+05
7.320000000000000000e+02 -5.882774017857143190e+05
7.380000000000000000e+02 -5.883271250000000000e+05
7.440000000000000000e+02 -5.883860535714285215e+05
7.500000000000000000e+02 -5.883360714285714785e+05
7.560000000000000000e+02 -5.882112589285714785e+05
7.620000000000000000e+02 -5.882446428571428405e+05
7.680000000000000000e+02 -5.882031160714285215e+05
7.740000000000000000e+02 -5.882620000000000000e+05
7.800000000000000000e+02 -5.882946964285714785e+05
7.860000000000000000e+02 -5.882065803571428405e+05
7.920000000000000000e+02 -5.883048392857143190e+05
7.980000000000000000e+02 -5.883872500000000000e+05
8.040000000000000000e+02 -5.882313839285714785e+05
8.100000000000000000e+02 -5.882251696428571595e+05
8.160000000000000000e+02 -5.880564553571428405e+05
8.220000000000000000e+02 -5.879385892857143190e+05
8.280000000000000000e+02 -5.878419375000000000e+05
8.340000000000000000e+02 -5.877948482142856810e+05
8.400000000000000000e+02 -5.877791339285714785e+05
8.460000000000000000e+02 -5.877892946428571595e+05
8.520000000000000000e+02 -5.879235625000000000e+05
8.580000000000000000e+02 -5.880872678571428405e+05
8.640000000000000000e+02 -5.882065625000000000e+05
8.700000000000000000e+02 -5.881412857142856810e+05
8.760000000000000000e+02 -5.881418571428571595e+05
8.820000000000000000e+02 -5.881866696428571595e+05
8.880000000000000000e+02 -5.881692589285714785e+05
8.940000000000000000e+02 -5.881493571428571595e+05
9.000000000000000000e+02 -5.882529464285714785e+05
9.060000000000000000e+02 -5.882294642857143190e+05
9.120000000000000000e+02 -5.884373750000000000e+05
9.180000000000000000e+02 -5.885038928571428405e+05
9.240000000000000000e+02 -5.883500267857143190e+05
9.300000000000000000e+02 -5.884415267857143190e+05
9.360000000000000000e+02 -5.884586607142856810e+05
9.420000000000000000e+02 -5.883819375000000000e+05
9.480000000000000000e+02 -5.884976875000000000e+05
9.540000000000000000e+02 -5.884787857142856810e+05
9.600000000000000000e+02 -5.886041964285714785e+05
9.660000000000000000e+02 -5.887513303571428405e+05
9.720000000000000000e+02 -5.887308303571428405e+05
9.780000000000000000e+02 -5.888478303571428405e+05
9.840000000000000000e+02 -5.889149821428571595e+05
9.900000000000000000e+02 -5.889778482142856810e+05
9.960000000000000000e+02 -5.890363214285714785e+05
1.002000000000000000e+03 -5.889376250000000000e+05
1.008000000000000000e+03 -5.889604375000000000e+05
1.014000000000000000e+03 -5.890092857142856810e+05
1.020000000000000000e+03 -5.889230178571428405e+05
1.026000000000000000e+03 -5.888894285714285215e+05
1.032000000000000000e+03 -5.887909107142856810e+05
1.038000000000000000e+03 -5.889100000000000000e+05
1.044000000000000000e+03 -5.889712946428571595e+05
1.050000000000000000e+03 -5.890586339285714785e+05
1.056000000000000000e+03 -5.892168392857143190e+05
1.062000000000000000e+03 -5.892969285714285215e+05
1.068000000000000000e+03 -5.894883482142856810e+05
1.074000000000000000e+03 -5.894880178571428405e+05
1.080000000000000000e+03 -5.893095625000000000e+05
1.086000000000000000e+03 -5.892718035714285215e+05
1.092000000000000000e+03 -5.892935000000000000e+05
1.098000000000000000e+03 -5.892836964285714785e+05
1.104000000000000000e+03 -5.893004642857143190e+05
1.110000000000000000e+03 -5.892980357142856810e+05
1.116000000000000000e+03 -5.893869196428571595e+05
1.122000000000000000e+03 -5.894447053571428405e+05
1.128000000000000000e+03 -5.893984375000000000e+05
1.134000000000000000e+03 -5.893930714285714785e+05
1.140000000000000000e+03 -5.893774196428571595e+05
1.146000000000000000e+03 -5.893964464285714785e+05
1.152000000000000000e+03 -5.892195625000000000e+05
1.158000000000000000e+03 -5.892038839285714785e+05
1.164000000000000000e+03 -5.892937232142856810e+05
1.170000000000000000e+03 -5.893494196428571595e+05
1.176000000000000000e+03 -5.892790000000000000e+05
1.182000000000000000e+03 -5.892729732142856810e+05
1.188000000000000000e+03 -5.892936875000000000e+05
1.194000000000000000e+03 -5.893093482142856810e+05
1.200000000000000000e+03 -5.892346428571428405e+05
1.206000000000000000e+03 -5.893104642857143190e+05
1.212000000000000000e+03 -5.894926517857143190e+05
1.218000000000000000e+03 -5.894520625000000000e+05
1.224000000000000000e+03 -5.894590446428571595e+05
1.230000000000000000e+03 -5.893234464285714785e+05
1.236000000000000000e+03 -5.894879285714285215e+05
1.242000000000000000e+03 -5.896147857142856810e+05
1.248000000000000000e+03 -5.895361428571428405e+05
1.254000000000000000e+03 -5.893751428571428405e+05
1.260000000000000000e+03 -5.895626875000000000e+05
1.266000000000000000e+03 -5.895489017857143190e+05
1.272000000000000000e+03 -5.896020267857143190e+05
1.278000000000000000e+03 -5.894554821428571595e+05
