0.000000000000000000e+00 4.628000000000000000e+03 1.392700000000000000e+04
6.000000000000000000e+00 4.614000000000000000e+03 1.395100000000000000e+04
1.200000000000000000e+01 4.606666666666666970e+03 1.402900000000000000e+04
1.800000000000000000e+01 4.603500000000000000e+03 1.400500000000000000e+04
2.400000000000000000e+01 4.604800000000000182e+03 1.395700000000000000e+04
3.000000000000000000e+01 4.600333333333333030e+03 1.406900000000000000e+04
3.600000000000000000e+01 4.597142857142856883e+03 1.401300000000000000e+04
4.200000000000000000e+01 4.588714285714285325e+03 1.400200000000000000e+04
4.800000000000000000e+01 4.584285714285714675e+03 1.401600000000000000e+04
5.400000000000000000e+01 4.578571428571428442e+03 1.402300000000000000e+04
6.000000000000000000e+01 4.573714285714285325e+03 1.413000000000000000e+04
6.600000000000000000e+01 4.566428571428571558e+03 1.401800000000000000e+04
7.200000000000000000e+01 4.560285714285714675e+03 1.397300000000000000e+04
7.800000000000000000e+01 4.549571428571428442e+03 1.405100000000000000e+04
8.400000000000000000e+01 4.535571428571428442e+03 1.405400000000000000e+04
9.000000000000000000e+01 4.526000000000000000e+03 1.395300000000000000e+04
9.600000000000000000e+01 4.513000000000000000e+03 1.400400000000000000e+04
1.020000000000000000e+02 4.494428571428571558e+03 1.405400000000000000e+04
1.080000000000000000e+02 4.477285714285714675e+03 1.397800000000000000e+04
1.140000000000000000e+02 4.461142857142856883e+03 1.388600000000000000e+04
1.200000000000000000e+02 4.445714285714285325e+03 1.397600000000000000e+04
1.260000000000000000e+02 4.430857142857143117e+03 1.399100000000000000e+04
1.320000000000000000e+02 4.412000000000000000e+03 1.424800000000000000e+04
1.380000000000000000e+02 4.400000000000000000e+03 1.453900000000000000e+04
1.440000000000000000e+02 4.390714285714285325e+03 1.452400000000000000e+04
1.500000000000000000e+02 4.381714285714285325e+03 1.449800000000000000e+04
1.560000000000000000e+02 4.374714285714285325e+03 1.439100000000000000e+04
1.620000000000000000e+02 4.373142857142856883e+03 1.448100000000000000e+04
1.680000000000000000e+02 4.371142857142856883e+03 1.435500000000000000e+04
1.740000000000000000e+02 4.372285714285714675e+03 1.438500000000000000e+04
1.800000000000000000e+02 4.368571428571428442e+03 1.435700000000000000e+04
1.860000000000000000e+02 4.365428571428571558e+03 1.443100000000000000e+04
1.920000000000000000e+02 4.359142857142856883e+03 1.434600000000000000e+04
1.980000000000000000e+02 4.357857142857143117e+03 1.427100000000000000e+04
2.040000000000000000e+02 4.351285714285714675e+03 1.443900000000000000e+04
2.100000000000000000e+02 4.351428571428571558e+03 1.433500000000000000e+04
2.160000000000000000e+02 4.344571428571428442e+03 1.437400000000000000e+04
2.220000000000000000e+02 4.345714285714285325e+03 1.447900000000000000e+04
2.280000000000000000e+02 4.345142857142856883e+03 1.449500000000000000e+04
2.340000000000000000e+02 4.349000000000000000e+03 1.446500000000000000e+04
2.400000000000000000e+02 4.353571428571428442e+03 1.444300000000000000e+04
2.460000000000000000e+02 4.358285714285714675e+03 1.445600000000000000e+04
2.520000000000000000e+02 4.361285714285714675e+03 1.444800000000000000e+04
2.580000000000000000e+02 4.368714285714285325e+03 1.440600000000000000e+04
2.640000000000000000e+02 4.374857142857143117e+03 1.445500000000000000e+04
2.700000000000000000e+02 4.379857142857143117e+03 1.445400000000000000e+04
2.760000000000000000e+02 4.383571428571428442e+03 1.435100000000000000e+04
2.820000000000000000e+02 4.385714285714285325e+03 1.441600000000000000e+04
2.880000000000000000e+02 4.385285714285714675e+03 1.439600000000000000e+04
2.940000000000000000e+02 4.383285714285714675e+03 1.441700000000000000e+04
3.000000000000000000e+02 4.377714285714285325e+03 1.437300000000000000e+04
3.060000000000000000e+02 4.370714285714285325e+03 1.445900000000000000e+04
3.120000000000000000e+02 4.357142857142856883e+03 1.446800000000000000e+04
3.180000000000000000e+02 4.342428571428571558e+03 1.442800000000000000e+04
3.240000000000000000e+02 4.325571428571428442e+03 1.430600000000000000e+04
3.300000000000000000e+02 4.320571428571428442e+03 1.441200000000000000e+04
3.360000000000000000e+02 4.310571428571428442e+03 1.438300000000000000e+04
3.420000000000000000e+02 4.304857142857143117e+03 1.444100000000000000e+04
3.480000000000000000e+02 4.297142857142856883e+03 1.434500000000000000e+04
3.540000000000000000e+02 4.304714285714285325e+03 1.435300000000000000e+04
3.600000000000000000e+02 4.307571428571428442e+03 1.444200000000000000e+04
3.660000000000000000e+02 4.301000000000000000e+03 1.439700000000000000e+04
3.720000000000000000e+02 4.295142857142856883e+03 1.429000000000000000e+04
3.780000000000000000e+02 4.297000000000000000e+03 1.434700000000000000e+04
3.840000000000000000e+02 4.298571428571428442e+03 1.428900000000000000e+04
3.900000000000000000e+02 4.295571428571428442e+03 1.429900000000000000e+04
3.960000000000000000e+02 4.291857142857143117e+03 1.425300000000000000e+04
4.020000000000000000e+02 4.293857142857143117e+03 1.431700000000000000e+04
4.080000000000000000e+02 4.301285714285714675e+03 1.426200000000000000e+04
4.140000000000000000e+02 4.303428571428571558e+03 1.425200000000000000e+04
4.200000000000000000e+02 4.303571428571428442e+03 1.423500000000000000e+04
4.260000000000000000e+02 4.295285714285714675e+03 1.429000000000000000e+04
4.320000000000000000e+02 4.300714285714285325e+03 1.418400000000000000e+04
4.380000000000000000e+02 4.294428571428571558e+03 1.419900000000000000e+04
4.440000000000000000e+02 4.284428571428571558e+03 1.415000000000000000e+04
4.500000000000000000e+02 4.280857142857143117e+03 1.424400000000000000e+04
4.560000000000000000e+02 4.277714285714285325e+03 1.425200000000000000e+04
4.620000000000000000e+02 4.272571428571428442e+03 1.426800000000000000e+04
4.680000000000000000e+02 4.276428571428571558e+03 1.417300000000000000e+04
4.740000000000000000e+02 4.271857142857143117e+03 1.414300000000000000e+04
4.800000000000000000e+02 4.274285714285714675e+03 1.419900000000000000e+04
4.860000000000000000e+02 4.279142857142856883e+03 1.420900000000000000e+04
4.920000000000000000e+02 4.275857142857143117e+03 1.420200000000000000e+04
4.980000000000000000e+02 4.273571428571428442e+03 1.422800000000000000e+04
5.040000000000000000e+02 4.273000000000000000e+03 1.419100000000000000e+04
5.100000000000000000e+02 4.267857142857143117e+03 1.418900000000000000e+04
5.160000000000000000e+02 4.264714285714285325e+03 1.420200000000000000e+04
5.220000000000000000e+02 4.256000000000000000e+03 1.419700000000000000e+04
5.280000000000000000e+02 4.250285714285714675e+03 1.414700000000000000e+04
5.340000000000000000e+02 4.253714285714285325e+03 1.419400000000000000e+04
5.400000000000000000e+02 4.247857142857143117e+03 1.419200000000000000e+04
5.460000000000000000e+02 4.244857142857143117e+03 1.412300000000000000e+04
5.520000000000000000e+02 4.250571428571428442e+03 1.420700000000000000e+04
5.580000000000000000e+02 4.247857142857143117e+03 1.418600000000000000e+04
5.640000000000000000e+02 4.251000000000000000e+03 1.416800000000000000e+04
5.700000000000000000e+02 4.257571428571428442e+03 1.415000000000000000e+04
5.760000000000000000e+02 4.252285714285714675e+03 1.426000000000000000e+04
5.820000000000000000e+02 4.254571428571428442e+03 1.433200000000000000e+04
5.880000000000000000e+02 4.260857142857143117e+03 1.423300000000000000e+04
5.940000000000000000e+02 4.262142857142856883e+03 1.440400000000000000e+04
6.000000000000000000e+02 4.265285714285714675e+03 1.441200000000000000e+04
6.060000000000000000e+02 4.275285714285714675e+03 1.435400000000000000e+04
6.120000000000000000e+02 4.275571428571428442e+03 1.440800000000000000e+04
6.180000000000000000e+02 4.286000000000000000e+03 1.442000000000000000e+04
6.240000000000000000e+02 4.291571428571428442e+03 1.433900000000000000e+04
6.300000000000000000e+02 4.295285714285714675e+03 1.436000000000000000e+04
6.360000000000000000e+02 4.295571428571428442e+03 1.440800000000000000e+04
6.420000000000000000e+02 4.298857142857143117e+03 1.435500000000000000e+04
6.480000000000000000e+02 4.297000000000000000e+03 1.446200000000000000e+04
6.540000000000000000e+02 4.295857142857143117e+03 1.448400000000000000e+04
6.600000000000000000e+02 4.291000000000000000e+03 1.442000000000000000e+04
6.660000000000000000e+02 4.293857142857143117e+03 1.448100000000000000e+04
6.720000000000000000e+02 4.296571428571428442e+03 1.446400000000000000e+04
6.780000000000000000e+02 4.295857142857143117e+03 1.446000000000000000e+04
6.840000000000000000e+02 4.298285714285714675e+03 1.452000000000000000e+04
6.900000000000000000e+02 4.304285714285714675e+03 1.441800000000000000e+04
6.960000000000000000e+02 4.308285714285714675e+03 1.438600000000000000e+04
7.020000000000000000e+02 4.310571428571428442e+03 1.447300000000000000e+04
7.080000000000000000e+02 4.310285714285714675e+03 1.452000000000000000e+04
7.140000000000000000e+02 4.298428571428571558e+03 1.450700000000000000e+04
7.200000000000000000e+02 4.303000000000000000e+03 1.445200000000000000e+04
7.260000000000000000e+02 4.301000000000000000e+03 1.453300000000000000e+04
7.320000000000000000e+02 4.295142857142856883e+03 1.448900000000000000e+04
7.380000000000000000e+02 4.296857142857143117e+03 1.447200000000000000e+04
7.440000000000000000e+02 4.295000000000000000e+03 1.453300000000000000e+04
7.500000000000000000e+02 4.296000000000000000e+03 1.451600000000000000e+04
7.560000000000000000e+02 4.303142857142856883e+03 1.450000000000000000e+04
7.620000000000000000e+02 4.299142857142856883e+03 1.450700000000000000e+04
7.680000000000000000e+02 4.301857142857143117e+03 1.456900000000000000e+04
7.740000000000000000e+02 4.304571428571428442e+03 1.447400000000000000e+04
7.800000000000000000e+02 4.304714285714285325e+03 1.446200000000000000e+04
7.860000000000000000e+02 4.309142857142856883e+03 1.454400000000000000e+04
7.920000000000000000e+02 4.310000000000000000e+03 1.446200000000000000e+04
7.980000000000000000e+02 4.308857142857143117e+03 1.443200000000000000e+04
8.040000000000000000e+02 4.309857142857143117e+03 1.453700000000000000e+04
8.100000000000000000e+02 4.308000000000000000e+03 1.448700000000000000e+04
8.160000000000000000e+02 4.304571428571428442e+03 1.450200000000000000e+04
8.220000000000000000e+02 4.303857142857143117e+03 1.446800000000000000e+04
8.280000000000000000e+02 4.303428571428571558e+03 1.446900000000000000e+04
8.340000000000000000e+02 4.301571428571428442e+03 1.449900000000000000e+04
8.400000000000000000e+02 4.305571428571428442e+03 1.445000000000000000e+04
8.460000000000000000e+02 4.302857142857143117e+03 1.452100000000000000e+04
8.520000000000000000e+02 4.301857142857143117e+03 1.458600000000000000e+04
8.580000000000000000e+02 4.306142857142856883e+03 1.441200000000000000e+04
8.640000000000000000e+02 4.307428571428571558e+03 1.448700000000000000e+04
8.700000000000000000e+02 4.305285714285714675e+03 1.444600000000000000e+04
8.760000000000000000e+02 4.307142857142856883e+03 1.455500000000000000e+04
8.820000000000000000e+02 4.303571428571428442e+03 1.445800000000000000e+04
8.880000000000000000e+02 4.306428571428571558e+03 1.454400000000000000e+04
8.940000000000000000e+02 4.306857142857143117e+03 1.455000000000000000e+04
9.000000000000000000e+02 4.300714285714285325e+03 1.466400000000000000e+04
9.060000000000000000e+02 4.300428571428571558e+03 1.454100000000000000e+04
9.120000000000000000e+02 4.298571428571428442e+03 1.450200000000000000e+04
9.180000000000000000e+02 4.300285714285714675e+03 1.452800000000000000e+04
9.240000000000000000e+02 4.298571428571428442e+03 1.459800000000000000e+04
9.300000000000000000e+02 4.297714285714285325e+03 1.452500000000000000e+04
9.360000000000000000e+02 4.299000000000000000e+03 1.458000000000000000e+04
9.420000000000000000e+02 4.301857142857143117e+03 1.452000000000000000e+04
9.480000000000000000e+02 4.297571428571428442e+03 1.459400000000000000e+04
9.540000000000000000e+02 4.299000000000000000e+03 1.458500000000000000e+04
9.600000000000000000e+02 4.299428571428571558e+03 1.459400000000000000e+04
9.660000000000000000e+02 4.299142857142856883e+03 1.465400000000000000e+04
9.720000000000000000e+02 4.300428571428571558e+03 1.460200000000000000e+04
9.780000000000000000e+02 4.300428571428571558e+03 1.454200000000000000e+04
9.840000000000000000e+02 4.298714285714285325e+03 1.460900000000000000e+04
9.900000000000000000e+02 4.300285714285714675e+03 1.461900000000000000e+04
9.960000000000000000e+02 4.306571428571428442e+03 1.451300000000000000e+04
1.002000000000000000e+03 4.300142857142856883e+03 1.461200000000000000e+04
1.008000000000000000e+03 4.301714285714285325e+03 1.458900000000000000e+04
1.014000000000000000e+03 4.303428571428571558e+03 1.464800000000000000e+04
1.020000000000000000e+03 4.304571428571428442e+03 1.460400000000000000e+04
1.026000000000000000e+03 4.307000000000000000e+03 1.461800000000000000e+04
1.032000000000000000e+03 4.307714285714285325e+03 1.457900000000000000e+04
1.038000000000000000e+03 4.303857142857143117e+03 1.452800000000000000e+04
1.044000000000000000e+03 4.308285714285714675e+03 1.454500000000000000e+04
1.050000000000000000e+03 4.313857142857143117e+03 1.462800000000000000e+04
1.056000000000000000e+03 4.314000000000000000e+03 1.458800000000000000e+04
1.062000000000000000e+03 4.313714285714285325e+03 1.456800000000000000e+04
1.068000000000000000e+03 4.315714285714285325e+03 1.462000000000000000e+04
1.074000000000000000e+03 4.314857142857143117e+03 1.462600000000000000e+04
1.080000000000000000e+03 4.316285714285714675e+03 1.468100000000000000e+04
1.086000000000000000e+03 4.316000000000000000e+03 1.462800000000000000e+04
1.092000000000000000e+03 4.314142857142856883e+03 1.456400000000000000e+04
1.098000000000000000e+03 4.311428571428571558e+03 1.462000000000000000e+04
1.104000000000000000e+03 4.314285714285714675e+03 1.462400000000000000e+04
1.110000000000000000e+03 4.308571428571428442e+03 1.465100000000000000e+04
1.116000000000000000e+03 4.312571428571428442e+03 1.457100000000000000e+04
1.122000000000000000e+03 4.310142857142856883e+03 1.466700000000000000e+04
1.128000000000000000e+03 4.309714285714285325e+03 1.467400000000000000e+04
1.134000000000000000e+03 4.309714285714285325e+03 1.467100000000000000e+04
1.140000000000000000e+03 4.311571428571428442e+03 1.463500000000000000e+04
1.146000000000000000e+03 4.308000000000000000e+03 1.467700000000000000e+04
1.152000000000000000e+03 4.308857142857143117e+03 1.471400000000000000e+04
1.158000000000000000e+03 4.304285714285714675e+03 1.456400000000000000e+04
1.164000000000000000e+03 4.305142857142856883e+03 1.463100000000000000e+04
1.170000000000000000e+03 4.301285714285714675e+03 1.471100000000000000e+04
1.176000000000000000e+03 4.297571428571428442e+03 1.466500000000000000e+04
1.182000000000000000e+03 4.299571428571428442e+03 1.465000000000000000e+04
1.188000000000000000e+03 4.301285714285714675e+03 1.470000000000000000e+04
1.194000000000000000e+03 4.304285714285714675e+03 1.468500000000000000e+04
1.200000000000000000e+03 4.303428571428571558e+03 1.467900000000000000e+04
1.206000000000000000e+03 4.303428571428571558e+03 1.455900000000000000e+04
1.212000000000000000e+03 4.304857142857143117e+03 1.459000000000000000e+04
1.218000000000000000e+03 4.308000000000000000e+03 1.457800000000000000e+04
1.224000000000000000e+03 4.304714285714285325e+03 1.465400000000000000e+04
1.230000000000000000e+03 4.308142857142856883e+03 1.465300000000000000e+04
1.236000000000000000e+03 4.307714285714285325e+03 1.465800000000000000e+04
1.242000000000000000e+03 4.308714285714285325e+03 1.467000000000000000e+04
1.248000000000000000e+03 4.309000000000000000e+03 1.469100000000000000e+04
1.254000000000000000e+03 4.311857142857143117e+03 1.467000000000000000e+04
1.260000000000000000e+03 4.307571428571428442e+03 1.473100000000000000e+04
1.266000000000000000e+03 4.307000000000000000e+03 1.465300000000000000e+04
1.272000000000000000e+03 4.301000000000000000e+03 1.466000000000000000e+04
1.278000000000000000e+03 4.298285714285714675e+03 1.471100000000000000e+04
