0.000000000000000000e+00 0.000000000000000000e+00
6.000000000000000000e+00 8.212585513546644123e-03
1.200000000000000000e+01 1.642517102709328825e-02
1.800000000000000000e+01 2.463775654063993237e-02
2.400000000000000000e+01 3.285034205418657649e-02
3.000000000000000000e+01 4.106292756773322061e-02
3.600000000000000000e+01 4.927551308128008678e-02
4.200000000000000000e+01 5.748809859482650886e-02
4.800000000000000000e+01 6.570068410837315298e-02
5.400000000000000000e+01 7.391326962192001915e-02
6.000000000000000000e+01 8.212585513546644123e-02
6.600000000000000000e+01 9.033844064901330739e-02
7.200000000000000000e+01 9.855102616255995152e-02
7.800000000000000000e+01 1.067636116761065956e-01
8.400000000000000000e+01 1.149761971896532398e-01
9.000000000000000000e+01 1.231887827031998839e-01
9.600000000000000000e+01 1.314013682167465280e-01
1.020000000000000000e+02 1.396139537302931721e-01
1.080000000000000000e+02 1.478265392438398163e-01
1.140000000000000000e+02 1.560391247573864604e-01
1.200000000000000000e+02 1.642517102709333265e-01
1.260000000000000000e+02 1.724642957844799707e-01
1.320000000000000000e+02 1.806768812980263927e-01
1.380000000000000000e+02 1.888894668115732589e-01
1.440000000000000000e+02 1.971020523251199030e-01
1.500000000000000000e+02 2.053146378386663251e-01
1.560000000000000000e+02 2.135272233522131913e-01
1.620000000000000000e+02 2.217398088657598354e-01
1.680000000000000000e+02 2.299523943793064795e-01
1.740000000000000000e+02 2.381649798928531236e-01
1.800000000000000000e+02 2.463775654063997678e-01
1.860000000000000000e+02 2.545901509199464119e-01
1.920000000000000000e+02 2.628027364334932781e-01
1.980000000000000000e+02 2.710153219470397001e-01
2.040000000000000000e+02 2.792279074605863443e-01
2.100000000000000000e+02 2.874404929741332104e-01
2.160000000000000000e+02 2.956530784876796325e-01
2.220000000000000000e+02 3.038656640012262766e-01
2.280000000000000000e+02 3.120782495147731428e-01
2.340000000000000000e+02 3.202908350283197869e-01
2.400000000000000000e+02 3.285034205418662090e-01
2.460000000000000000e+02 3.367160060554130752e-01
2.520000000000000000e+02 3.449285915689597193e-01
2.580000000000000000e+02 3.531411770825063634e-01
2.640000000000000000e+02 3.613537625960530075e-01
2.700000000000000000e+02 3.695663481095996517e-01
2.760000000000000000e+02 3.777789336231465178e-01
2.820000000000000000e+02 3.859915191366929399e-01
2.880000000000000000e+02 3.942041046502395840e-01
2.940000000000000000e+02 4.024166901637864502e-01
3.000000000000000000e+02 4.106292756773328723e-01
3.060000000000000000e+02 4.188418611908795164e-01
3.120000000000000000e+02 4.270544467044263826e-01
3.180000000000000000e+02 4.352670322179730267e-01
3.240000000000000000e+02 4.434796177315194488e-01
3.300000000000000000e+02 4.516922032450663149e-01
3.360000000000000000e+02 4.599047887586129590e-01
3.420000000000000000e+02 4.681173742721598252e-01
3.480000000000000000e+02 4.763299597857062473e-01
3.540000000000000000e+02 4.845425452992528914e-01
3.600000000000000000e+02 4.927551308127997576e-01
3.660000000000000000e+02 5.009677163263461797e-01
3.720000000000000000e+02 5.091803018398928238e-01
3.780000000000000000e+02 5.173928873534396899e-01
3.840000000000000000e+02 5.256054728669863341e-01
3.900000000000000000e+02 5.338180583805327561e-01
3.960000000000000000e+02 5.420306438940796223e-01
4.020000000000000000e+02 5.502432294076262664e-01
4.080000000000000000e+02 5.584556780447476054e-01
4.140000000000000000e+02 5.666684004347195547e-01
4.200000000000000000e+02 5.748809859482661988e-01
4.260000000000000000e+02 5.830935714618128429e-01
4.320000000000000000e+02 5.913061569753594870e-01
4.380000000000000000e+02 5.995187424889061312e-01
4.440000000000000000e+02 6.077313280024527753e-01
4.500000000000000000e+02 6.159439135159994194e-01
4.560000000000000000e+02 6.241564990295460635e-01
4.620000000000000000e+02 6.323690845430927077e-01
4.680000000000000000e+02 6.405816700566395738e-01
4.740000000000000000e+02 6.487942555701859959e-01
4.800000000000000000e+02 6.570068410837328621e-01
4.860000000000000000e+02 6.652194265972795062e-01
4.920000000000000000e+02 6.734320121108261503e-01
4.980000000000000000e+02 6.816445976243727944e-01
5.040000000000000000e+02 6.898571831379194386e-01
5.100000000000000000e+02 6.980697686514660827e-01
5.160000000000000000e+02 7.062823541650127268e-01
5.220000000000000000e+02 7.144949396785593709e-01
5.280000000000000000e+02 7.227075251921060151e-01
5.340000000000000000e+02 7.309201107056528812e-01
5.400000000000000000e+02 7.391326962191993033e-01
5.460000000000000000e+02 7.473452817327459474e-01
5.520000000000000000e+02 7.555578672462928136e-01
5.580000000000000000e+02 7.637703158834141526e-01
5.640000000000000000e+02 7.719830382733858798e-01
5.700000000000000000e+02 7.801956237869327460e-01
5.760000000000000000e+02 7.884082093004793901e-01
5.820000000000000000e+02 7.966207948140258122e-01
5.880000000000000000e+02 8.048333803275726783e-01
5.940000000000000000e+02 8.130459658411193224e-01
6.000000000000000000e+02 8.212585513546659666e-01
6.060000000000000000e+02 8.294711368682126107e-01
6.120000000000000000e+02 8.376835855053341717e-01
6.180000000000000000e+02 8.458963078953061210e-01
6.240000000000000000e+02 8.541088934088525431e-01
6.300000000000000000e+02 8.623214789223991872e-01
6.360000000000000000e+02 8.705340644359460534e-01
6.420000000000000000e+02 8.787466499494926975e-01
6.480000000000000000e+02 8.869592354630391196e-01
6.540000000000000000e+02 8.951718209765859857e-01
6.600000000000000000e+02 9.033844064901326298e-01
6.660000000000000000e+02 9.115969920036790519e-01
6.720000000000000000e+02 9.198095775172259181e-01
6.780000000000000000e+02 9.280221630307725622e-01
6.840000000000000000e+02 9.362347485443192063e-01
6.900000000000000000e+02 9.444473340578658505e-01
6.960000000000000000e+02 9.526599195714124946e-01
7.020000000000000000e+02 9.608725050849593607e-01
7.080000000000000000e+02 9.690849537220806997e-01
7.140000000000000000e+02 9.772976761120524269e-01
7.200000000000000000e+02 9.855102616255992931e-01
7.260000000000000000e+02 9.937228471391459372e-01
7.320000000000000000e+02 1.001935432652692359e+00
7.380000000000000000e+02 1.010148018166239225e+00
7.440000000000000000e+02 1.018360603679785648e+00
7.500000000000000000e+02 1.026573189193332514e+00
7.560000000000000000e+02 1.034785774706878936e+00
7.620000000000000000e+02 1.042998223344000497e+00
7.680000000000000000e+02 1.051210945733972668e+00
7.740000000000000000e+02 1.059423531247519090e+00
7.800000000000000000e+02 1.067636116761065956e+00
7.860000000000000000e+02 1.075848702274612378e+00
7.920000000000000000e+02 1.084061287788159245e+00
7.980000000000000000e+02 1.092273873301705667e+00
8.040000000000000000e+02 1.100486458815252533e+00
8.100000000000000000e+02 1.108699044328798955e+00
8.160000000000000000e+02 1.116911492965920516e+00
8.220000000000000000e+02 1.125124215355892243e+00
8.280000000000000000e+02 1.133336800869439109e+00
8.340000000000000000e+02 1.141549386382985976e+00
8.400000000000000000e+02 1.149761971896532398e+00
8.460000000000000000e+02 1.157974557410078820e+00
8.520000000000000000e+02 1.166187142923625686e+00
8.580000000000000000e+02 1.174399591560747247e+00
8.640000000000000000e+02 1.182612313950718974e+00
8.700000000000000000e+02 1.190824762587840535e+00
8.760000000000000000e+02 1.199037621854237567e+00
8.820000000000000000e+02 1.207250070491358684e+00
8.880000000000000000e+02 1.215462656004905995e+00
8.940000000000000000e+02 1.223675104642027112e+00
9.000000000000000000e+02 1.231887963908424144e+00
9.060000000000000000e+02 1.240100412545545705e+00
9.120000000000000000e+02 1.248312861182666822e+00
9.180000000000000000e+02 1.256525446696213688e+00
9.240000000000000000e+02 1.264738169086185859e+00
9.300000000000000000e+02 1.272950754599732281e+00
9.360000000000000000e+02 1.281163203236853843e+00
9.420000000000000000e+02 1.289376062503250431e+00
9.480000000000000000e+02 1.297588511140371992e+00
9.540000000000000000e+02 1.305801096653918858e+00
9.600000000000000000e+02 1.314013545291040419e+00
9.660000000000000000e+02 1.322226267681012146e+00
9.720000000000000000e+02 1.330438853194559012e+00
9.780000000000000000e+02 1.338651301831680129e+00
9.840000000000000000e+02 1.346864161098077606e+00
9.900000000000000000e+02 1.355076609735199167e+00
9.960000000000000000e+02 1.363289195248745589e+00
1.002000000000000000e+03 1.371501643885867150e+00
1.008000000000000000e+03 1.379714366275838877e+00
1.014000000000000000e+03 1.387926951789385299e+00
1.020000000000000000e+03 1.396139400426506860e+00
1.026000000000000000e+03 1.404352259692904337e+00
1.032000000000000000e+03 1.412564708330025454e+00
1.038000000000000000e+03 1.420777293843572320e+00
1.044000000000000000e+03 1.428989742480693437e+00
1.050000000000000000e+03 1.437202601747090913e+00
1.056000000000000000e+03 1.445415050384212474e+00
1.062000000000000000e+03 1.453627499021333591e+00
1.068000000000000000e+03 1.461840084534880457e+00
1.074000000000000000e+03 1.470052806924852185e+00
1.080000000000000000e+03 1.478265392438398607e+00
1.086000000000000000e+03 1.486477841075520168e+00
1.092000000000000000e+03 1.494690700341917200e+00
1.098000000000000000e+03 1.502903148979038761e+00
1.104000000000000000e+03 1.511115734492585183e+00
1.110000000000000000e+03 1.519328183129706744e+00
1.116000000000000000e+03 1.527540905519678471e+00
1.122000000000000000e+03 1.535753491033225782e+00
1.128000000000000000e+03 1.543965939670346899e+00
1.134000000000000000e+03 1.552178798936743931e+00
1.140000000000000000e+03 1.560391247573865492e+00
1.146000000000000000e+03 1.568603833087411914e+00
1.152000000000000000e+03 1.576816281724533475e+00
1.158000000000000000e+03 1.585029004114505646e+00
1.164000000000000000e+03 1.593241589628052068e+00
1.170000000000000000e+03 1.601454038265173629e+00
1.176000000000000000e+03 1.609666623778720052e+00
1.182000000000000000e+03 1.617879346168691779e+00
1.188000000000000000e+03 1.626091931682238645e+00
1.194000000000000000e+03 1.634304380319359762e+00
1.200000000000000000e+03 1.642517239585757238e+00
1.206000000000000000e+03 1.650729688222878799e+00
1.212000000000000000e+03 1.658942136859999916e+00
1.218000000000000000e+03 1.667154722373546782e+00
1.224000000000000000e+03 1.675367444763518954e+00
1.230000000000000000e+03 1.683580030277065376e+00
1.236000000000000000e+03 1.691792478914186937e+00
1.242000000000000000e+03 1.700005338180583525e+00
1.248000000000000000e+03 1.708217786817705086e+00
1.254000000000000000e+03 1.716430372331251508e+00
1.260000000000000000e+03 1.724642820968373069e+00
1.266000000000000000e+03 1.732855543358345241e+00
1.272000000000000000e+03 1.741068128871892107e+00
1.278000000000000000e+03 1.749280577509013224e+00
