0.000000000000000000e+00 -5.882375000000000000e+05
6.000000000000000000e+00 -5.879102500000000000e+05
1.200000000000000000e+01 -5.883109375000000000e+05
1.800000000000000000e+01 -5.875118125000000000e+05
2.400000000000000000e+01 -5.875807500000000000e+05
3.000000000000000000e+01 -5.881304375000000000e+05
3.600000000000000000e+01 -5.876270625000000000e+05
4.200000000000000000e+01 -5.877366875000000000e+05
4.800000000000000000e+01 -5.878961875000000000e+05
5.400000000000000000e+01 -5.870585625000000000e+05
6.000000000000000000e+01 -5.867693750000000000e+05
6.600000000000000000e+01 -5.874363125000000000e+05
7.200000000000000000e+01 -5.864380000000000000e+05
7.800000000000000000e+01 -5.848853125000000000e+05
8.400000000000000000e+01 -5.849565625000000000e+05
9.000000000000000000e+01 -5.844928125000000000e+05
9.600000000000000000e+01 -5.841806250000000000e+05
1.020000000000000000e+02 -5.829356875000000000e+05
1.080000000000000000e+02 -5.824950625000000000e+05
1.140000000000000000e+02 -5.827281250000000000e+05
1.200000000000000000e+02 -5.816250625000000000e+05
1.260000000000000000e+02 -5.796275625000000000e+05
1.320000000000000000e+02 -5.805602500000000000e+05
1.380000000000000000e+02 -5.810519375000000000e+05
1.440000000000000000e+02 -5.815636875000000000e+05
1.500000000000000000e+02 -5.821515000000000000e+05
1.560000000000000000e+02 -5.813511250000000000e+05
1.620000000000000000e+02 -5.812342500000000000e+05
1.680000000000000000e+02 -5.810361250000000000e+05
1.740000000000000000e+02 -5.809347500000000000e+05
1.800000000000000000e+02 -5.805472500000000000e+05
1.860000000000000000e+02 -5.803897500000000000e+05
1.920000000000000000e+02 -5.800198750000000000e+05
1.980000000000000000e+02 -5.789654375000000000e+05
2.040000000000000000e+02 -5.797060000000000000e+05
2.100000000000000000e+02 -5.796973750000000000e+05
2.160000000000000000e+02 -5.800751250000000000e+05
2.220000000000000000e+02 -5.795241250000000000e+05
2.280000000000000000e+02 -5.822625625000000000e+05
2.340000000000000000e+02 -5.817455000000000000e+05
2.400000000000000000e+02 -5.828772500000000000e+05
2.460000000000000000e+02 -5.841203750000000000e+05
2.520000000000000000e+02 -5.842160000000000000e+05
2.580000000000000000e+02 -5.831654375000000000e+05
2.640000000000000000e+02 -5.835573750000000000e+05
2.700000000000000000e+02 -5.827348750000000000e+05
2.760000000000000000e+02 -5.842181250000000000e+05
2.820000000000000000e+02 -5.836435625000000000e+05
2.880000000000000000e+02 -5.834090625000000000e+05
2.940000000000000000e+02 -5.832112500000000000e+05
3.000000000000000000e+02 -5.825863125000000000e+05
3.060000000000000000e+02 -5.820437500000000000e+05
3.120000000000000000e+02 -5.819922500000000000e+05
3.180000000000000000e+02 -5.820985000000000000e+05
3.240000000000000000e+02 -5.820738750000000000e+05
3.300000000000000000e+02 -5.820058750000000000e+05
3.360000000000000000e+02 -5.813151875000000000e+05
3.420000000000000000e+02 -5.811898750000000000e+05
3.480000000000000000e+02 -5.811500625000000000e+05
3.540000000000000000e+02 -5.809210625000000000e+05
3.600000000000000000e+02 -5.807698125000000000e+05
3.660000000000000000e+02 -5.812610000000000000e+05
3.720000000000000000e+02 -5.831648125000000000e+05
3.780000000000000000e+02 -5.837226875000000000e+05
3.840000000000000000e+02 -5.827976250000000000e+05
3.900000000000000000e+02 -5.823372500000000000e+05
3.960000000000000000e+02 -5.825740625000000000e+05
4.020000000000000000e+02 -5.828780625000000000e+05
4.080000000000000000e+02 -5.826453750000000000e+05
4.140000000000000000e+02 -5.831716250000000000e+05
4.200000000000000000e+02 -5.833415000000000000e+05
4.260000000000000000e+02 -5.845703125000000000e+05
4.320000000000000000e+02 -5.837536875000000000e+05
4.380000000000000000e+02 -5.843446875000000000e+05
4.440000000000000000e+02 -5.847866250000000000e+05
4.500000000000000000e+02 -5.855365000000000000e+05
4.560000000000000000e+02 -5.862436875000000000e+05
4.620000000000000000e+02 -5.849228125000000000e+05
4.680000000000000000e+02 -5.857231875000000000e+05
4.740000000000000000e+02 -5.847845625000000000e+05
4.800000000000000000e+02 -5.854750625000000000e+05
4.860000000000000000e+02 -5.862469375000000000e+05
4.920000000000000000e+02 -5.849435625000000000e+05
4.980000000000000000e+02 -5.851396250000000000e+05
5.040000000000000000e+02 -5.854035625000000000e+05
5.100000000000000000e+02 -5.855768750000000000e+05
5.160000000000000000e+02 -5.849615625000000000e+05
5.220000000000000000e+02 -5.854654375000000000e+05
5.280000000000000000e+02 -5.856256875000000000e+05
5.340000000000000000e+02 -5.847505625000000000e+05
5.400000000000000000e+02 -5.848691250000000000e+05
5.460000000000000000e+02 -5.860688125000000000e+05
5.520000000000000000e+02 -5.859158125000000000e+05
5.580000000000000000e+02 -5.856606250000000000e+05
5.640000000000000000e+02 -5.853730625000000000e+05
5.700000000000000000e+02 -5.860648750000000000e+05
5.760000000000000000e+02 -5.860060000000000000e+05
5.820000000000000000e+02 -5.874475625000000000e+05
5.880000000000000000e+02 -5.869315000000000000e+05
5.940000000000000000e+02 -5.875955625000000000e+05
6.000000000000000000e+02 -5.884978750000000000e+05
6.060000000000000000e+02 -5.876402500000000000e+05
6.120000000000000000e+02 -5.877591250000000000e+05
6.180000000000000000e+02 -5.885411875000000000e+05
6.240000000000000000e+02 -5.886060625000000000e+05
6.300000000000000000e+02 -5.876316250000000000e+05
6.360000000000000000e+02 -5.893758125000000000e+05
6.420000000000000000e+02 -5.883883750000000000e+05
6.480000000000000000e+02 -5.882510000000000000e+05
6.540000000000000000e+02 -5.883299375000000000e+05
6.600000000000000000e+02 -5.887878750000000000e+05
6.660000000000000000e+02 -5.890149375000000000e+05
6.720000000000000000e+02 -5.896381875000000000e+05
6.780000000000000000e+02 -5.888808750000000000e+05
6.840000000000000000e+02 -5.885690000000000000e+05
6.900000000000000000e+02 -5.886417500000000000e+05
6.960000000000000000e+02 -5.879212500000000000e+05
7.020000000000000000e+02 -5.884673750000000000e+05
7.080000000000000000e+02 -5.879929375000000000e+05
7.140000000000000000e+02 -5.888838125000000000e+05
7.200000000000000000e+02 -5.888536250000000000e+05
7.260000000000000000e+02 -5.880259375000000000e+05
7.320000000000000000e+02 -5.877968750000000000e+05
7.380000000000000000e+02 -5.882693125000000000e+05
7.440000000000000000e+02 -5.888798750000000000e+05
7.500000000000000000e+02 -5.876430625000000000e+05
7.560000000000000000e+02 -5.880101250000000000e+05
7.620000000000000000e+02 -5.890873125000000000e+05
7.680000000000000000e+02 -5.877352500000000000e+05
7.740000000000000000e+02 -5.882090625000000000e+05
7.800000000000000000e+02 -5.884981875000000000e+05
7.860000000000000000e+02 -5.882630625000000000e+05
7.920000000000000000e+02 -5.883308750000000000e+05
7.980000000000000000e+02 -5.885870000000000000e+05
8.040000000000000000e+02 -5.879962500000000000e+05
8.100000000000000000e+02 -5.876917500000000000e+05
8.160000000000000000e+02 -5.870280625000000000e+05
8.220000000000000000e+02 -5.876731250000000000e+05
8.280000000000000000e+02 -5.875865000000000000e+05
8.340000000000000000e+02 -5.880012500000000000e+05
8.400000000000000000e+02 -5.884770000000000000e+05
8.460000000000000000e+02 -5.880673750000000000e+05
8.520000000000000000e+02 -5.886316250000000000e+05
8.580000000000000000e+02 -5.881740000000000000e+05
8.640000000000000000e+02 -5.885081875000000000e+05
8.700000000000000000e+02 -5.871295625000000000e+05
8.760000000000000000e+02 -5.880052500000000000e+05
8.820000000000000000e+02 -5.887906875000000000e+05
8.880000000000000000e+02 -5.879455000000000000e+05
8.940000000000000000e+02 -5.884923125000000000e+05
9.000000000000000000e+02 -5.888991250000000000e+05
9.060000000000000000e+02 -5.883438125000000000e+05
9.120000000000000000e+02 -5.885849375000000000e+05
9.180000000000000000e+02 -5.884708750000000000e+05
9.240000000000000000e+02 -5.877136250000000000e+05
9.300000000000000000e+02 -5.885860000000000000e+05
9.360000000000000000e+02 -5.886122500000000000e+05
9.420000000000000000e+02 -5.883620625000000000e+05
9.480000000000000000e+02 -5.891540625000000000e+05
9.540000000000000000e+02 -5.884526250000000000e+05
9.600000000000000000e+02 -5.893487500000000000e+05
9.660000000000000000e+02 -5.887435625000000000e+05
9.720000000000000000e+02 -5.884425000000000000e+05
9.780000000000000000e+02 -5.894312500000000000e+05
9.840000000000000000e+02 -5.888321250000000000e+05
9.900000000000000000e+02 -5.895941250000000000e+05
9.960000000000000000e+02 -5.888619375000000000e+05
1.002000000000000000e+03 -5.886578750000000000e+05
1.008000000000000000e+03 -5.889032500000000000e+05
1.014000000000000000e+03 -5.887844375000000000e+05
1.020000000000000000e+03 -5.888273750000000000e+05
1.026000000000000000e+03 -5.885970000000000000e+05
1.032000000000000000e+03 -5.889045000000000000e+05
1.038000000000000000e+03 -5.896955625000000000e+05
1.044000000000000000e+03 -5.890869375000000000e+05
1.050000000000000000e+03 -5.895146250000000000e+05
1.056000000000000000e+03 -5.898918750000000000e+05
1.062000000000000000e+03 -5.893880000000000000e+05
1.068000000000000000e+03 -5.899369375000000000e+05
1.074000000000000000e+03 -5.889021875000000000e+05
1.080000000000000000e+03 -5.884463750000000000e+05
1.086000000000000000e+03 -5.888226250000000000e+05
1.092000000000000000e+03 -5.896665000000000000e+05
1.098000000000000000e+03 -5.898232500000000000e+05
1.104000000000000000e+03 -5.895053750000000000e+05
1.110000000000000000e+03 -5.899199375000000000e+05
1.116000000000000000e+03 -5.895243750000000000e+05
1.122000000000000000e+03 -5.888508750000000000e+05
1.128000000000000000e+03 -5.884987500000000000e+05
1.134000000000000000e+03 -5.896289375000000000e+05
1.140000000000000000e+03 -5.897136875000000000e+05
1.146000000000000000e+03 -5.896385625000000000e+05
1.152000000000000000e+03 -5.886817500000000000e+05
1.158000000000000000e+03 -5.894146250000000000e+05
1.164000000000000000e+03 -5.894797500000000000e+05
1.170000000000000000e+03 -5.888886250000000000e+05
1.176000000000000000e+03 -5.891360000000000000e+05
1.182000000000000000e+03 -5.896715000000000000e+05
1.188000000000000000e+03 -5.897835625000000000e+05
1.194000000000000000e+03 -5.887913750000000000e+05
1.200000000000000000e+03 -5.888916875000000000e+05
1.206000000000000000e+03 -5.900105000000000000e+05
1.212000000000000000e+03 -5.901639375000000000e+05
1.218000000000000000e+03 -5.888518750000000000e+05
1.224000000000000000e+03 -5.897203750000000000e+05
1.230000000000000000e+03 -5.888343750000000000e+05
1.236000000000000000e+03 -5.899427500000000000e+05
1.242000000000000000e+03 -5.897796875000000000e+05
1.248000000000000000e+03 -5.894600000000000000e+05
1.254000000000000000e+03 -5.890369375000000000e+05
1.260000000000000000e+03 -5.901646875000000000e+05
1.266000000000000000e+03 -5.896238750000000000e+05
1.272000000000000000e+03 -5.892062500000000000e+05
1.278000000000000000e+03 -5.889169375000000000e+05
