0.000000000000000000e+00 -6.557294531199999619e+04
6.000000000000000000e+00 -6.552237890599999810e+04
1.200000000000000000e+01 -6.545844531200000347e+04
1.800000000000000000e+01 -6.528537500000000000e+04
2.400000000000000000e+01 -6.450951562500000000e+04
3.000000000000000000e+01 -6.426202734400000190e+04
3.600000000000000000e+01 -6.441866796900000190e+04
4.200000000000000000e+01 -6.362076953099999810e+04
4.800000000000000000e+01 -6.293058203099999810e+04
5.400000000000000000e+01 -6.233270312500000000e+04
6.000000000000000000e+01 -6.244085546900000190e+04
6.600000000000000000e+01 -6.149453515599999810e+04
7.200000000000000000e+01 -6.129264453099999810e+04
7.800000000000000000e+01 -6.073875781200000347e+04
8.400000000000000000e+01 -6.021031250000000000e+04
9.000000000000000000e+01 -5.967485937500000000e+04
9.600000000000000000e+01 -5.927735937500000000e+04
1.020000000000000000e+02 -5.891540625000000000e+04
1.080000000000000000e+02 -5.828175781200000347e+04
1.140000000000000000e+02 -5.760978515599999810e+04
1.200000000000000000e+02 -5.719981250000000000e+04
1.260000000000000000e+02 -5.907834375000000000e+04
1.320000000000000000e+02 -6.183399218799999653e+04
1.380000000000000000e+02 -6.284156250000000000e+04
1.440000000000000000e+02 -6.328771875000000000e+04
1.500000000000000000e+02 -6.343498046900000190e+04
1.560000000000000000e+02 -6.283202343799999653e+04
1.620000000000000000e+02 -6.319960546900000190e+04
1.680000000000000000e+02 -6.272530859400000190e+04
1.740000000000000000e+02 -6.266264453099999810e+04
1.800000000000000000e+02 -6.284143750000000000e+04
1.860000000000000000e+02 -6.285418750000000000e+04
1.920000000000000000e+02 -6.271167968799999653e+04
1.980000000000000000e+02 -6.274714843799999653e+04
2.040000000000000000e+02 -6.247555078099999810e+04
2.100000000000000000e+02 -6.226640234400000190e+04
2.160000000000000000e+02 -6.188739843799999653e+04
2.220000000000000000e+02 -6.223826171900000190e+04
2.280000000000000000e+02 -6.210760156200000347e+04
2.340000000000000000e+02 -6.250809375000000000e+04
2.400000000000000000e+02 -6.188814843799999653e+04
2.460000000000000000e+02 -6.273901953099999810e+04
2.520000000000000000e+02 -6.263013281200000347e+04
2.580000000000000000e+02 -6.311652734400000190e+04
2.640000000000000000e+02 -6.258906640599999810e+04
2.700000000000000000e+02 -6.321458593799999653e+04
2.760000000000000000e+02 -6.205353515599999810e+04
2.820000000000000000e+02 -6.293566406200000347e+04
2.880000000000000000e+02 -6.265979687500000000e+04
2.940000000000000000e+02 -6.246228125000000000e+04
3.000000000000000000e+02 -6.247472656200000347e+04
3.060000000000000000e+02 -6.242549218799999653e+04
3.120000000000000000e+02 -6.271891796900000190e+04
3.180000000000000000e+02 -6.248946093799999653e+04
3.240000000000000000e+02 -6.187596093799999653e+04
3.300000000000000000e+02 -6.237989843799999653e+04
3.360000000000000000e+02 -6.253581250000000000e+04
3.420000000000000000e+02 -6.229121875000000000e+04
3.480000000000000000e+02 -6.215725781200000347e+04
3.540000000000000000e+02 -6.206650000000000000e+04
3.600000000000000000e+02 -6.273476562500000000e+04
3.660000000000000000e+02 -6.216771875000000000e+04
3.720000000000000000e+02 -6.239871093799999653e+04
3.780000000000000000e+02 -6.158570703099999810e+04
3.840000000000000000e+02 -6.185612890599999810e+04
3.900000000000000000e+02 -6.217530468799999653e+04
3.960000000000000000e+02 -6.224657812500000000e+04
4.020000000000000000e+02 -6.192803125000000000e+04
4.080000000000000000e+02 -6.174840234400000190e+04
4.140000000000000000e+02 -6.135224218799999653e+04
4.200000000000000000e+02 -6.139280468799999653e+04
4.260000000000000000e+02 -6.122238281200000347e+04
4.320000000000000000e+02 -6.142530468799999653e+04
4.380000000000000000e+02 -6.129307031200000347e+04
4.440000000000000000e+02 -6.122839062500000000e+04
4.500000000000000000e+02 -6.168224218799999653e+04
4.560000000000000000e+02 -6.122283593799999653e+04
4.620000000000000000e+02 -6.129667187500000000e+04
4.680000000000000000e+02 -6.131289453099999810e+04
4.740000000000000000e+02 -6.123778125000000000e+04
4.800000000000000000e+02 -6.107163671900000190e+04
4.860000000000000000e+02 -6.114213281200000347e+04
4.920000000000000000e+02 -6.135624609400000190e+04
4.980000000000000000e+02 -6.126603906200000347e+04
5.040000000000000000e+02 -6.160162890599999810e+04
5.100000000000000000e+02 -6.130990625000000000e+04
5.160000000000000000e+02 -6.159858593799999653e+04
5.220000000000000000e+02 -6.137046093799999653e+04
5.280000000000000000e+02 -6.152764843799999653e+04
5.340000000000000000e+02 -6.163833593799999653e+04
5.400000000000000000e+02 -6.101917578099999810e+04
5.460000000000000000e+02 -6.091241406200000347e+04
5.520000000000000000e+02 -6.152592187500000000e+04
5.580000000000000000e+02 -6.123300390599999810e+04
5.640000000000000000e+02 -6.134337500000000000e+04
5.700000000000000000e+02 -6.106321484400000190e+04
5.760000000000000000e+02 -6.155326953099999810e+04
5.820000000000000000e+02 -6.130354687500000000e+04
5.880000000000000000e+02 -6.220224218799999653e+04
5.940000000000000000e+02 -6.377730468799999653e+04
6.000000000000000000e+02 -6.403761718799999653e+04
6.060000000000000000e+02 -6.381944531200000347e+04
6.120000000000000000e+02 -6.371603125000000000e+04
6.180000000000000000e+02 -6.405107812500000000e+04
6.240000000000000000e+02 -6.390507812500000000e+04
6.300000000000000000e+02 -6.407359375000000000e+04
6.360000000000000000e+02 -6.419941015599999810e+04
6.420000000000000000e+02 -6.366467968799999653e+04
6.480000000000000000e+02 -6.385729687500000000e+04
6.540000000000000000e+02 -6.415219140599999810e+04
6.600000000000000000e+02 -6.363085937500000000e+04
6.660000000000000000e+02 -6.388074218799999653e+04
6.720000000000000000e+02 -6.424937500000000000e+04
6.780000000000000000e+02 -6.386475390599999810e+04
6.840000000000000000e+02 -6.409775000000000000e+04
6.900000000000000000e+02 -6.464637500000000000e+04
6.960000000000000000e+02 -6.443036328099999810e+04
7.020000000000000000e+02 -6.403105468799999653e+04
7.080000000000000000e+02 -6.419496484400000190e+04
7.140000000000000000e+02 -6.449372656200000347e+04
7.200000000000000000e+02 -6.416078515599999810e+04
7.260000000000000000e+02 -6.436574609400000190e+04
7.320000000000000000e+02 -6.411821093799999653e+04
7.380000000000000000e+02 -6.414604687500000000e+04
7.440000000000000000e+02 -6.377591015599999810e+04
7.500000000000000000e+02 -6.451046875000000000e+04
7.560000000000000000e+02 -6.419684375000000000e+04
7.620000000000000000e+02 -6.420275000000000000e+04
7.680000000000000000e+02 -6.474014453099999810e+04
7.740000000000000000e+02 -6.399913281200000347e+04
7.800000000000000000e+02 -6.429499609400000190e+04
7.860000000000000000e+02 -6.450185937500000000e+04
7.920000000000000000e+02 -6.412278515599999810e+04
7.980000000000000000e+02 -6.459845312500000000e+04
8.040000000000000000e+02 -6.449143359400000190e+04
8.100000000000000000e+02 -6.387910156200000347e+04
8.160000000000000000e+02 -6.454999218799999653e+04
8.220000000000000000e+02 -6.365262500000000000e+04
8.280000000000000000e+02 -6.406014062500000000e+04
8.340000000000000000e+02 -6.423660937500000000e+04
8.400000000000000000e+02 -6.432071875000000000e+04
8.460000000000000000e+02 -6.446200781200000347e+04
8.520000000000000000e+02 -6.468051953099999810e+04
8.580000000000000000e+02 -6.421293359400000190e+04
8.640000000000000000e+02 -6.468676562500000000e+04
8.700000000000000000e+02 -6.465153515599999810e+04
8.760000000000000000e+02 -6.445210937500000000e+04
8.820000000000000000e+02 -6.467168359400000190e+04
8.880000000000000000e+02 -6.484395703099999810e+04
8.940000000000000000e+02 -6.436574609400000190e+04
9.000000000000000000e+02 -6.440154687500000000e+04
9.060000000000000000e+02 -6.473039062500000000e+04
9.120000000000000000e+02 -6.465517187500000000e+04
9.180000000000000000e+02 -6.452009765599999810e+04
9.240000000000000000e+02 -6.456492578099999810e+04
9.300000000000000000e+02 -6.472921093799999653e+04
9.360000000000000000e+02 -6.422479687500000000e+04
9.420000000000000000e+02 -6.458778125000000000e+04
9.480000000000000000e+02 -6.467277343799999653e+04
9.540000000000000000e+02 -6.514537109400000190e+04
9.600000000000000000e+02 -6.517384765599999810e+04
9.660000000000000000e+02 -6.480630859400000190e+04
9.720000000000000000e+02 -6.504401562500000000e+04
9.780000000000000000e+02 -6.454101171900000190e+04
9.840000000000000000e+02 -6.466240625000000000e+04
9.900000000000000000e+02 -6.460357812500000000e+04
9.960000000000000000e+02 -6.514567187500000000e+04
1.002000000000000000e+03 -6.458025781200000347e+04
1.008000000000000000e+03 -6.438437890599999810e+04
1.014000000000000000e+03 -6.518117187500000000e+04
1.020000000000000000e+03 -6.496930078099999810e+04
1.026000000000000000e+03 -6.517877343799999653e+04
1.032000000000000000e+03 -6.493877343799999653e+04
1.038000000000000000e+03 -6.467343750000000000e+04
1.044000000000000000e+03 -6.546200390599999810e+04
1.050000000000000000e+03 -6.444010937500000000e+04
1.056000000000000000e+03 -6.423648046900000190e+04
1.062000000000000000e+03 -6.478742578099999810e+04
1.068000000000000000e+03 -6.438796484400000190e+04
1.074000000000000000e+03 -6.516167578099999810e+04
1.080000000000000000e+03 -6.488066015599999810e+04
1.086000000000000000e+03 -6.488249218799999653e+04
1.092000000000000000e+03 -6.517780859400000190e+04
1.098000000000000000e+03 -6.474333593799999653e+04
1.104000000000000000e+03 -6.451018359400000190e+04
1.110000000000000000e+03 -6.471426562500000000e+04
1.116000000000000000e+03 -6.477340625000000000e+04
1.122000000000000000e+03 -6.485644921900000190e+04
1.128000000000000000e+03 -6.515823437500000000e+04
1.134000000000000000e+03 -6.523215234400000190e+04
1.140000000000000000e+03 -6.491185156200000347e+04
1.146000000000000000e+03 -6.492259375000000000e+04
1.152000000000000000e+03 -6.484517187500000000e+04
1.158000000000000000e+03 -6.454308203099999810e+04
1.164000000000000000e+03 -6.473877343799999653e+04
1.170000000000000000e+03 -6.492498437500000000e+04
1.176000000000000000e+03 -6.472986718799999653e+04
1.182000000000000000e+03 -6.502526562500000000e+04
1.188000000000000000e+03 -6.449809375000000000e+04
1.194000000000000000e+03 -6.529785937500000000e+04
1.200000000000000000e+03 -6.516767968799999653e+04
1.206000000000000000e+03 -6.437098046900000190e+04
1.212000000000000000e+03 -6.472130078099999810e+04
1.218000000000000000e+03 -6.491828906200000347e+04
1.224000000000000000e+03 -6.522384375000000000e+04
1.230000000000000000e+03 -6.521109765599999810e+04
1.236000000000000000e+03 -6.502536718799999653e+04
1.242000000000000000e+03 -6.518891015599999810e+04
1.248000000000000000e+03 -6.503885156200000347e+04
1.254000000000000000e+03 -6.558776562500000000e+04
1.260000000000000000e+03 -6.506774218799999653e+04
1.266000000000000000e+03 -6.508953125000000000e+04
1.272000000000000000e+03 -6.506653515599999810e+04
1.278000000000000000e+03 -6.529267968799999653e+04
