0.000000000000000000e+00 5.992039100000000218e+01
6.000000000000000000e+00 -8.007467040000000225e+02
1.200000000000000000e+01 -1.748624634000000015e+03
1.800000000000000000e+01 -2.100214355000000069e+03
2.400000000000000000e+01 -2.780705321999999796e+03
3.000000000000000000e+01 -3.457041016000000127e+03
3.600000000000000000e+01 -3.611562743999999839e+03
4.200000000000000000e+01 -3.699505858999999873e+03
4.800000000000000000e+01 -4.527482909999999720e+03
5.400000000000000000e+01 -4.291262695000000349e+03
6.000000000000000000e+01 -4.940433105000000069e+03
6.600000000000000000e+01 -5.367630858999999873e+03
7.200000000000000000e+01 -5.433059570000000349e+03
7.800000000000000000e+01 -5.628694824000000153e+03
8.400000000000000000e+01 -6.330281250000000000e+03
9.000000000000000000e+01 -5.462535644999999931e+03
9.600000000000000000e+01 -6.254511719000000085e+03
1.020000000000000000e+02 -6.234503418000000238e+03
1.080000000000000000e+02 -5.933190429999999651e+03
1.140000000000000000e+02 -6.049596679999999651e+03
1.200000000000000000e+02 -6.094651367000000391e+03
1.260000000000000000e+02 -4.263549804999999651e+03
1.320000000000000000e+02 -2.530285644999999931e+03
1.380000000000000000e+02 -1.462094481999999971e+03
1.440000000000000000e+02 -1.636713866999999937e+03
1.500000000000000000e+02 -1.910128418000000011e+03
1.560000000000000000e+02 -2.072925292999999783e+03
1.620000000000000000e+02 -2.048734131000000161e+03
1.680000000000000000e+02 -3.400000243999999839e+03
1.740000000000000000e+02 -1.674485351999999921e+03
1.800000000000000000e+02 -2.058370116999999937e+03
1.860000000000000000e+02 -3.491533691000000090e+03
1.920000000000000000e+02 -1.969286133000000063e+03
1.980000000000000000e+02 -2.827278564000000188e+03
2.040000000000000000e+02 -1.702016235000000052e+03
2.100000000000000000e+02 -2.426484131000000161e+03
2.160000000000000000e+02 -2.971192383000000063e+03
2.220000000000000000e+02 -1.933903931000000057e+03
2.280000000000000000e+02 -2.223809569999999894e+03
2.340000000000000000e+02 -1.863954956000000038e+03
2.400000000000000000e+02 -7.484475099999999657e+02
2.460000000000000000e+02 -1.602760620000000017e+03
2.520000000000000000e+02 -1.954065430000000106e+03
2.580000000000000000e+02 -2.039964721999999938e+03
2.640000000000000000e+02 -2.222897704999999860e+03
2.700000000000000000e+02 -2.072898682000000008e+03
2.760000000000000000e+02 -1.314530150999999933e+03
2.820000000000000000e+02 -1.515993285999999898e+03
2.880000000000000000e+02 -2.411210938000000169e+03
2.940000000000000000e+02 -1.500701416000000108e+03
3.000000000000000000e+02 -2.408728027000000111e+03
3.060000000000000000e+02 -1.974274658000000045e+03
3.120000000000000000e+02 -2.021935181000000057e+03
3.180000000000000000e+02 -1.761513916000000108e+03
3.240000000000000000e+02 -2.078554442999999992e+03
3.300000000000000000e+02 -1.832236938000000009e+03
3.360000000000000000e+02 -2.078613280999999915e+03
3.420000000000000000e+02 -2.438856689000000188e+03
3.480000000000000000e+02 -2.280008057000000008e+03
3.540000000000000000e+02 -1.892040038999999979e+03
3.600000000000000000e+02 -1.869096557999999959e+03
3.660000000000000000e+02 -1.989919799999999896e+03
3.720000000000000000e+02 -1.570223510999999917e+03
3.780000000000000000e+02 -1.056728027000000111e+03
3.840000000000000000e+02 -2.098640868999999839e+03
3.900000000000000000e+02 -1.674382202000000007e+03
3.960000000000000000e+02 -1.681479614000000083e+03
4.020000000000000000e+02 -2.304041259999999966e+03
4.080000000000000000e+02 -1.626516478999999890e+03
4.140000000000000000e+02 -2.540724608999999873e+03
4.200000000000000000e+02 -1.604442138999999997e+03
4.260000000000000000e+02 -1.749849731000000020e+03
4.320000000000000000e+02 -1.732528686999999991e+03
4.380000000000000000e+02 -1.465841552999999976e+03
4.440000000000000000e+02 -9.223944089999999960e+02
4.500000000000000000e+02 -8.619194949999999835e+02
4.560000000000000000e+02 -7.618666990000000396e+02
4.620000000000000000e+02 -1.195620971999999938e+03
4.680000000000000000e+02 -1.123856078999999909e+03
4.740000000000000000e+02 -1.798417725000000019e+03
4.800000000000000000e+02 -1.695566283999999996e+03
4.860000000000000000e+02 -4.361020809999999983e+02
4.920000000000000000e+02 -8.708913569999999709e+02
4.980000000000000000e+02 -1.035613158999999996e+03
5.040000000000000000e+02 -1.419777587999999923e+03
5.100000000000000000e+02 -6.666705319999999801e+02
5.160000000000000000e+02 -1.293448853000000099e+03
5.220000000000000000e+02 -9.569362790000000132e+02
5.280000000000000000e+02 -1.201663696000000073e+03
5.340000000000000000e+02 -1.771796509000000015e+03
5.400000000000000000e+02 -1.060384033000000045e+03
5.460000000000000000e+02 -6.625870969999999716e+02
5.520000000000000000e+02 -7.920214230000000271e+02
5.580000000000000000e+02 -1.081555542000000059e+03
5.640000000000000000e+02 -1.309753905999999915e+03
5.700000000000000000e+02 -3.358264770000000112e+02
5.760000000000000000e+02 -7.552313840000000482e+02
5.820000000000000000e+02 -4.764480899999999792e+02
5.880000000000000000e+02 -4.554742130000000202e+02
5.940000000000000000e+02 1.650211030000000108e+02
6.000000000000000000e+02 -3.375248409999999808e+02
6.060000000000000000e+02 -8.474221189999999524e+02
6.120000000000000000e+02 -1.871473389999999881e+02
6.180000000000000000e+02 1.249557949999999948e+02
6.240000000000000000e+02 2.326268919999999980e+02
6.300000000000000000e+02 4.680390200000000078e+01
6.360000000000000000e+02 -2.195748749999999916e+02
6.420000000000000000e+02 2.574569700000000125e+02
6.480000000000000000e+02 1.601366730000000018e+02
6.540000000000000000e+02 -1.470005189999999970e+02
6.600000000000000000e+02 -2.944382929999999874e+02
6.660000000000000000e+02 -1.860700840000000085e+02
6.720000000000000000e+02 -7.235916100000000029e+01
6.780000000000000000e+02 -4.791518859999999904e+02
6.840000000000000000e+02 -3.600222800000000234e+01
6.900000000000000000e+02 -4.163517150000000129e+02
6.960000000000000000e+02 7.064321099999999376e+01
7.020000000000000000e+02 2.442331540000000132e+02
7.080000000000000000e+02 -3.073348080000000095e+02
7.140000000000000000e+02 -4.889299320000000080e+02
7.200000000000000000e+02 3.934348140000000171e+02
7.260000000000000000e+02 -1.104140929999999940e+02
7.320000000000000000e+02 -2.286158749999999884e+02
7.380000000000000000e+02 -7.584903560000000198e+02
7.440000000000000000e+02 1.170029600000000016e+02
7.500000000000000000e+02 -2.860948179999999752e+02
7.560000000000000000e+02 -1.668280029999999954e+02
7.620000000000000000e+02 -5.234249879999999848e+02
7.680000000000000000e+02 -7.341195069999999987e+02
7.740000000000000000e+02 -4.191171879999999987e+02
7.800000000000000000e+02 -4.488440550000000258e+02
7.860000000000000000e+02 8.862605999999999540e+01
7.920000000000000000e+02 -1.017656400000000048e+02
7.980000000000000000e+02 -4.171520689999999831e+02
8.040000000000000000e+02 -2.013235469999999907e+02
8.100000000000000000e+02 3.958043700000000342e+01
8.160000000000000000e+02 -1.951285550000000057e+02
8.220000000000000000e+02 -9.233947000000000571e+01
8.280000000000000000e+02 1.952582240000000127e+02
8.340000000000000000e+02 5.211935799999999830e+01
8.400000000000000000e+02 -2.535544889999999896e+02
8.460000000000000000e+02 5.225589000000000084e+01
8.520000000000000000e+02 -2.773098449999999957e+02
8.580000000000000000e+02 -4.359951780000000099e+02
8.640000000000000000e+02 -2.867369689999999878e+02
8.700000000000000000e+02 -3.469772029999999745e+02
8.760000000000000000e+02 -3.004245000000000232e+02
8.820000000000000000e+02 -6.598194900000000018e+01
8.880000000000000000e+02 -3.243394779999999855e+02
8.940000000000000000e+02 -1.220651090000000067e+02
9.000000000000000000e+02 1.867547450000000140e+02
9.060000000000000000e+02 -4.313190609999999765e+02
9.120000000000000000e+02 1.177785719999999969e+02
9.180000000000000000e+02 -5.373411250000000337e+02
9.240000000000000000e+02 2.996431580000000281e+02
9.300000000000000000e+02 -7.459832760000000462e+02
9.360000000000000000e+02 -5.371096800000000258e+02
9.420000000000000000e+02 -1.017620929999999930e+02
9.480000000000000000e+02 -4.888069150000000036e+02
9.540000000000000000e+02 -9.479848499999999945e+01
9.600000000000000000e+02 6.789345600000000047e+01
9.660000000000000000e+02 -1.021711580000000055e+02
9.720000000000000000e+02 -2.174370570000000100e+02
9.780000000000000000e+02 1.091626590000000050e+02
9.840000000000000000e+02 1.525976259999999911e+02
9.900000000000000000e+02 -3.690478099999999984e+01
9.960000000000000000e+02 -2.433862760000000094e+02
1.002000000000000000e+03 3.048333440000000110e+02
1.008000000000000000e+03 5.369948999999999728e+01
1.014000000000000000e+03 -2.499804689999999994e+02
1.020000000000000000e+03 4.921427200000000113e+01
1.026000000000000000e+03 -8.238600999999999175e+00
1.032000000000000000e+03 -2.947374570000000062e+02
1.038000000000000000e+03 3.474444999999999784e+00
1.044000000000000000e+03 -6.621336399999999855e+01
1.050000000000000000e+03 -1.201342929999999996e+02
1.056000000000000000e+03 2.550970299999999824e+01
1.062000000000000000e+03 3.038578599999999952e+01
1.068000000000000000e+03 -1.101529539999999940e+02
1.074000000000000000e+03 7.177035499999999502e+01
1.080000000000000000e+03 -5.327403600000000239e+01
1.086000000000000000e+03 -2.776950380000000109e+02
1.092000000000000000e+03 1.798916200000000032e+01
1.098000000000000000e+03 1.061594769999999954e+02
1.104000000000000000e+03 -1.343957059999999899e+02
1.110000000000000000e+03 -5.514959000000000344e+01
1.116000000000000000e+03 3.837702900000000028e+01
1.122000000000000000e+03 -2.777062990000000013e+02
1.128000000000000000e+03 1.196108500000000063e+01
1.134000000000000000e+03 -2.719275819999999726e+02
1.140000000000000000e+03 4.839035799999999909e+01
1.146000000000000000e+03 -3.883005069999999819e+02
1.152000000000000000e+03 -2.265589449999999943e+02
1.158000000000000000e+03 2.894372859999999719e+02
1.164000000000000000e+03 -6.031761900000000054e+01
1.170000000000000000e+03 -7.729544099999999673e+01
1.176000000000000000e+03 1.564044189999999901e+02
1.182000000000000000e+03 1.509788210000000106e+02
1.188000000000000000e+03 1.069994659999999982e+02
1.194000000000000000e+03 -6.117384700000000208e+01
1.200000000000000000e+03 2.385429689999999994e+02
1.206000000000000000e+03 -3.965229000000000070e+01
1.212000000000000000e+03 1.419610899999999987e+01
1.218000000000000000e+03 -7.126918799999999976e+01
1.224000000000000000e+03 -1.450518040000000042e+02
1.230000000000000000e+03 -2.556007599999999869e+01
1.236000000000000000e+03 -1.172221449999999976e+02
1.242000000000000000e+03 1.379428249999999991e+02
1.248000000000000000e+03 4.988200380000000109e+02
1.254000000000000000e+03 -5.042774200000000207e+01
1.260000000000000000e+03 2.284706730000000050e+02
1.266000000000000000e+03 3.703573200000000298e+01
1.272000000000000000e+03 -4.204168700000000172e+02
1.278000000000000000e+03 -3.828590389999999957e+02
1.280000000000000000e+03 -2.813036500000000046e+02
