# Frame count, minimum, maximum and average direction angle, %d %.6f %.6f %.6f
1 0.201762 0.669754 0.449925
2 0.232557 0.639240 0.453094
3 0.266578 0.679622 0.460223
4 0.251887 0.699613 0.465723
5 0.153758 0.775142 0.467795
6 0.231091 0.730178 0.475085
7 0.235405 0.728465 0.478970
8 0.204508 0.712480 0.482506
9 0.262459 0.780448 0.486854
10 0.199555 0.762501 0.491090
11 0.260836 0.751291 0.495478
12 0.202321 0.780397 0.497774
13 0.242410 0.866030 0.505308
14 0.224911 0.850960 0.505955
15 0.194534 0.800322 0.510790
16 0.235261 0.850961 0.514409
17 0.237725 0.841043 0.517862
18 0.204507 0.858566 0.520486
19 0.160861 0.902964 0.526972
20 0.224911 0.916428 0.531558
21 0.212937 1.035377 0.534113
22 0.034468 3.065926 0.570035
23 0.017727 3.134269 0.619008
24 0.003605 3.141593 0.779037
25 0.006871 3.141593 0.791164
26 0.003470 3.141593 0.883052
27 0.003504 3.141593 0.846738
28 0.003470 3.141593 0.899521
29 0.003555 3.141593 0.883451
30 0.003470 3.141593 0.890367
31 0.003453 3.141593 0.919044
32 0.003571 3.141593 0.943378
33 0.003521 3.141593 0.971637
34 0.003504 3.141593 0.946800
35 0.003555 3.138072 1.022443
36 0.003571 3.141593 1.037372
37 0.003487 3.141593 1.008407
38 0.003538 3.141593 1.032655
39 0.003453 3.141593 1.000195
40 0.003538 3.141593 1.004396
41 0.003845 3.141593 0.952436
42 0.003470 3.141593 0.962950
43 0.003571 3.141593 0.947687
44 0.003470 3.141593 0.929486
45 0.003605 3.141593 0.936956
46 0.003487 3.141593 0.945123
47 0.003521 3.141593 0.966755
48 0.003538 3.141593 0.966453
49 0.006940 3.141593 0.970743
50 0.010984 3.141593 0.955823
51 0.003605 3.141593 0.996553
52 0.003621 3.141593 0.979406
53 0.003703 3.138088 0.982966
54 0.003555 3.141593 1.008241
55 0.003654 3.141593 1.009306
56 0.003504 3.141593 1.018161
57 0.003538 3.141593 0.993858
58 0.003605 3.141593 1.031193
59 0.003504 3.141593 1.034954
60 0.003487 3.141593 1.034748
61 0.003487 3.141593 1.044842
62 0.003538 3.141593 1.002718
63 0.007168 3.141593 0.956281
64 0.003521 3.141593 0.986422
65 0.007168 3.141593 0.973687
66 0.003605 3.141593 0.974976
67 0.010989 3.138038 0.982732
68 0.003571 3.137955 0.986775
69 0.003538 3.137988 0.984605
70 0.010172 3.141593 0.998049
71 0.003453 3.134425 0.992682
72 0.007226 3.138055 0.968249
73 0.003571 3.141593 0.955033
74 0.003703 3.141593 0.959731
75 0.014596 3.137971 0.939984
76 0.024732 3.138021 0.894430
77 0.007143 3.141593 0.921173
78 0.024219 3.141593 0.927022
79 0.010381 3.138072 0.901200
80 0.018116 3.141593 0.930507
81 0.007437 3.126993 0.929815
82 0.021659 3.138038 0.935665
83 0.003487 3.138088 0.930738
84 0.007201 3.141593 0.903924
85 0.003703 3.137971 0.909852
86 0.017794 3.141593 0.916206
87 0.021501 3.130917 0.913128
88 0.003654 3.134525 0.913384
89 0.007324 3.134551 0.912181
90 0.007201 3.120616 0.921338
91 0.003487 3.105637 0.907398
92 0.014286 3.134392 0.914832
93 0.006991 3.116416 0.882502
94 0.058757 3.130762 0.888324
95 0.010642 3.141593 0.902692
96 0.014236 3.137971 0.904902
97 0.021976 3.127407 0.881703
98 0.092592 3.098297 0.848477
99 0.017006 3.141593 0.796236
100 0.007168 3.112509 0.726635
101 0.003435 3.130762 0.722263
102 0.035827 1.436086 0.720905
103 0.036216 1.428398 0.716620
104 0.003621 3.110134 0.716035
105 0.014181 1.343192 0.714783
106 0.047238 1.471480 0.717961
107 0.021739 3.134551 0.717306
108 0.025543 3.124174 0.716878
109 0.036349 3.070016 0.715523
110 0.010951 3.120469 0.717456
111 0.039266 3.105377 0.721662
112 0.058329 3.112616 0.722506
113 0.040270 3.141593 0.723203
114 0.035447 3.117207 0.715885
115 0.017418 3.059925 0.716650
116 0.018047 3.127307 0.717635
117 0.055912 3.105507 0.715593
118 0.025087 3.107255 0.718759
119 0.021348 3.134392 0.716332
120 0.090333 3.098300 0.718354
121 0.042377 3.038637 0.711501
122 0.003487 3.113432 0.715043
123 0.030498 3.134392 0.716511
124 0.018178 3.115863 0.717733
125 0.017298 3.127657 0.719275
126 0.017357 1.529621 0.710607
127 0.010675 3.083265 0.713687
128 0.043608 3.083052 0.718853
129 0.046230 3.130723 0.715365
130 0.024558 3.119698 0.711440
131 0.032598 3.134475 0.715458
132 0.144508 3.119620 0.719609
133 0.007176 1.634766 0.712291
134 0.041933 3.137858 0.712155
135 0.003470 1.570796 0.709493
136 0.067513 3.134269 0.718660
137 0.090976 3.112403 0.714768
138 0.032365 3.085681 0.713749
139 0.014033 3.109574 0.712602
140 0.024730 3.115863 0.714276
141 0.056678 3.126891 0.712785
142 0.053905 3.141593 0.711894
143 0.058554 3.100263 0.708525
144 0.126040 3.138072 0.719908
145 0.014135 3.076169 0.713425
146 0.074860 3.127462 0.715844
147 0.006845 3.134748 0.712972
148 0.176709 3.134475 0.712617
149 0.131639 3.137939 0.717378
150 0.054889 3.113028 0.714668
151 0.034829 3.035763 0.708472
152 0.090989 3.130560 0.715863
153 0.028161 3.042974 0.714488
154 0.097515 3.077165 0.710235
155 0.007461 3.116506 0.712488
156 0.014332 3.064257 0.714374
157 0.010907 3.134653 0.714572
158 0.007300 3.141593 0.710298
159 0.021348 2.945561 0.710179
160 0.137909 3.068729 0.711742
161 0.003571 3.041185 0.710192
162 0.010415 1.660805 0.706022
163 0.024730 3.120690 0.713799
164 0.096131 3.123738 0.712635
165 0.099669 3.108756 0.706937
166 0.007324 1.206000 0.705286
167 0.055885 3.120011 0.708191
168 0.071308 3.092338 0.709659
169 0.049604 3.137906 0.705249
170 0.036748 3.074556 0.711230
171 0.077857 3.041556 0.704832
172 0.003504 3.141593 0.708509
173 0.013514 3.076169 0.702866
174 0.108270 3.106885 0.709463
175 0.024556 3.123147 0.702441
176 0.010675 3.134392 0.706325
177 0.028361 1.293462 0.700680
178 0.101760 3.070030 0.704088
179 0.070554 2.993592 0.704176
180 0.003470 3.112189 0.701900
181 0.079256 3.138055 0.700421
182 0.039266 1.242086 0.699705
183 0.128323 3.063183 0.706214
184 0.096713 3.130800 0.700688
185 0.035573 3.101615 0.700008
186 0.032018 3.130839 0.705102
187 0.056544 1.180189 0.701478
188 0.084902 1.235316 0.699307
189 0.106217 1.184913 0.702495
190 0.021973 3.130917 0.705145
191 0.021348 3.109459 0.707922
192 0.094454 3.071853 0.705236
193 0.052399 1.318019 0.704830
194 0.010714 1.160390 0.702354
195 0.020406 3.116416 0.702921
196 0.061740 3.097100 0.701527
197 0.073939 3.137988 0.703623
198 0.061517 3.076702 0.704918
199 0.014181 3.073840 0.703343
200 0.003719 3.085050 0.704118
201 0.102477 3.065925 0.707171
202 0.053712 2.970488 0.703621
203 0.033822 1.212025 0.707976
204 0.131639 1.227284 0.700658
205 0.044915 3.134525 0.705696
206 0.007176 3.114296 0.709302
207 0.017666 3.075256 0.707331
208 0.093254 3.141593 0.704571
209 0.014332 3.072360 0.704068
210 0.025921 3.141593 0.703954
211 0.060641 3.082222 0.706552
212 0.006801 3.137795 0.704456
213 0.038849 1.206661 0.702088
214 0.131112 3.122871 0.708752
