0.000000000000000000e+00 3.654069999999999929e+00
6.000000000000000000e+00 3.714069999999999983e+00
1.200000000000000000e+01 3.774070000000000036e+00
1.800000000000000000e+01 3.834070000000000089e+00
2.400000000000000000e+01 3.894070000000000142e+00
3.000000000000000000e+01 3.954070000000000196e+00
3.600000000000000000e+01 4.014070000000000249e+00
4.200000000000000000e+01 4.074069999999999858e+00
4.800000000000000000e+01 4.134070000000000356e+00
5.400000000000000000e+01 4.194069999999999965e+00
6.000000000000000000e+01 4.254069999999999574e+00
6.600000000000000000e+01 4.314070000000000071e+00
7.200000000000000000e+01 4.374069999999999681e+00
7.800000000000000000e+01 4.434070000000000178e+00
8.400000000000000000e+01 4.494069999999999787e+00
9.000000000000000000e+01 4.554070000000000285e+00
9.600000000000000000e+01 4.614069999999999894e+00
1.020000000000000000e+02 4.674070000000000391e+00
1.080000000000000000e+02 4.734070000000000000e+00
1.140000000000000000e+02 4.794069999999999609e+00
1.200000000000000000e+02 4.854070000000000107e+00
1.260000000000000000e+02 4.914069999999999716e+00
1.320000000000000000e+02 4.974070000000000213e+00
1.380000000000000000e+02 5.034069999999999823e+00
1.440000000000000000e+02 5.094070000000000320e+00
1.500000000000000000e+02 5.154069999999999929e+00
1.560000000000000000e+02 5.214070000000000427e+00
1.620000000000000000e+02 5.274070000000000036e+00
1.680000000000000000e+02 5.334069999999999645e+00
1.740000000000000000e+02 5.394070000000000142e+00
1.800000000000000000e+02 5.454069999999999752e+00
1.860000000000000000e+02 5.514070000000000249e+00
1.920000000000000000e+02 5.574069999999999858e+00
1.980000000000000000e+02 5.634070000000000356e+00
2.040000000000000000e+02 5.694069999999999965e+00
2.100000000000000000e+02 5.754069999999999574e+00
2.160000000000000000e+02 5.814070000000000071e+00
2.220000000000000000e+02 5.874069999999999681e+00
2.280000000000000000e+02 5.934070000000000178e+00
2.340000000000000000e+02 5.994069999999999787e+00
2.400000000000000000e+02 6.054070000000000285e+00
2.460000000000000000e+02 6.114069999999999894e+00
2.520000000000000000e+02 6.174070000000000391e+00
2.580000000000000000e+02 6.234070000000000000e+00
2.640000000000000000e+02 6.294069999999999609e+00
2.700000000000000000e+02 6.354070000000000107e+00
2.760000000000000000e+02 6.414069999999999716e+00
2.820000000000000000e+02 6.474070000000000213e+00
2.880000000000000000e+02 6.534069999999999823e+00
2.940000000000000000e+02 6.594070000000000320e+00
3.000000000000000000e+02 6.654069999999999929e+00
3.060000000000000000e+02 6.714070000000000427e+00
3.120000000000000000e+02 6.774070000000000036e+00
3.180000000000000000e+02 6.834069999999999645e+00
3.240000000000000000e+02 6.894070000000000142e+00
3.300000000000000000e+02 6.954069999999999752e+00
3.360000000000000000e+02 7.014070000000000249e+00
3.420000000000000000e+02 7.074069999999999858e+00
3.480000000000000000e+02 7.134070000000000356e+00
3.540000000000000000e+02 7.194069999999999965e+00
3.600000000000000000e+02 7.254069999999999574e+00
3.660000000000000000e+02 7.314070000000000071e+00
3.720000000000000000e+02 7.374069999999999681e+00
3.780000000000000000e+02 7.434070000000000178e+00
3.840000000000000000e+02 7.494069999999999787e+00
3.900000000000000000e+02 7.554070000000000285e+00
3.960000000000000000e+02 7.614069999999999894e+00
4.020000000000000000e+02 7.674070000000000391e+00
4.080000000000000000e+02 7.734070000000000000e+00
4.140000000000000000e+02 7.794069999999999609e+00
4.200000000000000000e+02 7.854070000000000107e+00
4.260000000000000000e+02 7.914069999999999716e+00
4.320000000000000000e+02 7.974070000000000213e+00
4.380000000000000000e+02 8.034069999999999823e+00
4.440000000000000000e+02 8.094068999999999292e+00
4.500000000000000000e+02 8.154070000000000817e+00
4.560000000000000000e+02 8.214069000000000287e+00
4.620000000000000000e+02 8.274070000000000036e+00
4.680000000000000000e+02 8.334070000000000533e+00
4.740000000000000000e+02 8.394069999999999254e+00
4.800000000000000000e+02 8.454069999999999752e+00
4.860000000000000000e+02 8.514070000000000249e+00
4.920000000000000000e+02 8.574070000000000746e+00
4.980000000000000000e+02 8.634069000000000216e+00
5.040000000000000000e+02 8.694069999999999965e+00
5.100000000000000000e+02 8.754068999999999434e+00
5.160000000000000000e+02 8.814069999999999183e+00
5.220000000000000000e+02 8.874069999999999681e+00
5.280000000000000000e+02 8.934070000000000178e+00
5.340000000000000000e+02 8.994070000000000675e+00
5.400000000000000000e+02 9.054069999999999396e+00
5.460000000000000000e+02 9.114069999999999894e+00
5.520000000000000000e+02 9.174068999999999363e+00
5.580000000000000000e+02 9.234069999999999112e+00
5.640000000000000000e+02 9.294069999999999609e+00
5.700000000000000000e+02 9.354070000000000107e+00
5.760000000000000000e+02 9.414070000000000604e+00
5.820000000000000000e+02 9.474069999999999325e+00
5.880000000000000000e+02 9.534069999999999823e+00
5.940000000000000000e+02 9.594068999999999292e+00
6.000000000000000000e+02 9.654070000000000817e+00
6.060000000000000000e+02 9.714069000000000287e+00
6.120000000000000000e+02 9.774070000000000036e+00
6.180000000000000000e+02 9.834070000000000533e+00
6.240000000000000000e+02 9.894069999999999254e+00
6.300000000000000000e+02 9.954069999999999752e+00
6.360000000000000000e+02 1.001407000000000025e+01
6.400000000000000000e+02 1.005406999999999940e+01
