0.000000000000000000e+00 1.154000000000000000e+03 3.518000000000000000e+03
6.000000000000000000e+00 1.162000000000000000e+03 3.482000000000000000e+03
1.200000000000000000e+01 1.140000000000000000e+03 3.545000000000000000e+03
1.800000000000000000e+01 1.139000000000000000e+03 3.480000000000000000e+03
2.400000000000000000e+01 1.138000000000000000e+03 3.510000000000000000e+03
3.000000000000000000e+01 1.125000000000000000e+03 3.516000000000000000e+03
3.600000000000000000e+01 1.129000000000000000e+03 3.465000000000000000e+03
4.200000000000000000e+01 1.120000000000000000e+03 3.517000000000000000e+03
4.800000000000000000e+01 1.113000000000000000e+03 3.528000000000000000e+03
5.400000000000000000e+01 1.096000000000000000e+03 3.486000000000000000e+03
6.000000000000000000e+01 1.087000000000000000e+03 3.443000000000000000e+03
6.600000000000000000e+01 1.084000000000000000e+03 3.450000000000000000e+03
7.200000000000000000e+01 1.067000000000000000e+03 3.701000000000000000e+03
7.800000000000000000e+01 1.072000000000000000e+03 3.653000000000000000e+03
8.400000000000000000e+01 1.090000000000000000e+03 3.690000000000000000e+03
9.000000000000000000e+01 1.089000000000000000e+03 3.700000000000000000e+03
9.600000000000000000e+01 1.099000000000000000e+03 3.633000000000000000e+03
1.020000000000000000e+02 1.088000000000000000e+03 3.620000000000000000e+03
1.080000000000000000e+02 1.076000000000000000e+03 3.657000000000000000e+03
1.140000000000000000e+02 1.098000000000000000e+03 3.686000000000000000e+03
1.200000000000000000e+02 1.084000000000000000e+03 3.659000000000000000e+03
1.260000000000000000e+02 1.069000000000000000e+03 3.677000000000000000e+03
1.320000000000000000e+02 1.082000000000000000e+03 3.669000000000000000e+03
1.380000000000000000e+02 1.070000000000000000e+03 3.665000000000000000e+03
1.440000000000000000e+02 1.065000000000000000e+03 3.608000000000000000e+03
1.500000000000000000e+02 1.067000000000000000e+03 3.627000000000000000e+03
1.560000000000000000e+02 1.054000000000000000e+03 3.639000000000000000e+03
1.620000000000000000e+02 1.057000000000000000e+03 3.572000000000000000e+03
1.680000000000000000e+02 1.067000000000000000e+03 3.624000000000000000e+03
1.740000000000000000e+02 1.056000000000000000e+03 3.661000000000000000e+03
1.800000000000000000e+02 1.059000000000000000e+03 3.612000000000000000e+03
1.860000000000000000e+02 1.078000000000000000e+03 3.649000000000000000e+03
1.920000000000000000e+02 1.074000000000000000e+03 3.633000000000000000e+03
1.980000000000000000e+02 1.057000000000000000e+03 3.579000000000000000e+03
2.040000000000000000e+02 1.053000000000000000e+03 3.635000000000000000e+03
2.100000000000000000e+02 1.043000000000000000e+03 3.610000000000000000e+03
2.160000000000000000e+02 1.062000000000000000e+03 3.540000000000000000e+03
2.220000000000000000e+02 1.062000000000000000e+03 3.594000000000000000e+03
2.280000000000000000e+02 1.057000000000000000e+03 3.528000000000000000e+03
2.340000000000000000e+02 1.051000000000000000e+03 3.575000000000000000e+03
2.400000000000000000e+02 1.055000000000000000e+03 3.590000000000000000e+03
2.460000000000000000e+02 1.062000000000000000e+03 3.605000000000000000e+03
2.520000000000000000e+02 1.041000000000000000e+03 3.585000000000000000e+03
2.580000000000000000e+02 1.050000000000000000e+03 3.586000000000000000e+03
2.640000000000000000e+02 1.053000000000000000e+03 3.559000000000000000e+03
2.700000000000000000e+02 1.072000000000000000e+03 3.589000000000000000e+03
2.760000000000000000e+02 1.048000000000000000e+03 3.569000000000000000e+03
2.820000000000000000e+02 1.035000000000000000e+03 3.624000000000000000e+03
2.880000000000000000e+02 1.049000000000000000e+03 3.650000000000000000e+03
2.940000000000000000e+02 1.056000000000000000e+03 3.610000000000000000e+03
3.000000000000000000e+02 1.033000000000000000e+03 3.626000000000000000e+03
3.060000000000000000e+02 1.034000000000000000e+03 3.565000000000000000e+03
3.120000000000000000e+02 1.041000000000000000e+03 3.632000000000000000e+03
3.180000000000000000e+02 1.053000000000000000e+03 3.579000000000000000e+03
3.240000000000000000e+02 1.025000000000000000e+03 3.613000000000000000e+03
3.300000000000000000e+02 1.008000000000000000e+03 3.611000000000000000e+03
3.360000000000000000e+02 1.041000000000000000e+03 3.600000000000000000e+03
3.420000000000000000e+02 1.033000000000000000e+03 3.616000000000000000e+03
3.480000000000000000e+02 1.021000000000000000e+03 3.630000000000000000e+03
3.540000000000000000e+02 1.035000000000000000e+03 3.661000000000000000e+03
3.600000000000000000e+02 1.037000000000000000e+03 3.576000000000000000e+03
3.660000000000000000e+02 1.025000000000000000e+03 3.598000000000000000e+03
3.720000000000000000e+02 1.021000000000000000e+03 3.607000000000000000e+03
3.780000000000000000e+02 1.003000000000000000e+03 3.557000000000000000e+03
3.840000000000000000e+02 1.004000000000000000e+03 3.573000000000000000e+03
3.900000000000000000e+02 1.020000000000000000e+03 3.551000000000000000e+03
3.960000000000000000e+02 9.960000000000000000e+02 3.532000000000000000e+03
4.020000000000000000e+02 9.970000000000000000e+02 3.573000000000000000e+03
4.080000000000000000e+02 1.008000000000000000e+03 3.534000000000000000e+03
4.140000000000000000e+02 9.890000000000000000e+02 3.464000000000000000e+03
4.200000000000000000e+02 9.950000000000000000e+02 3.531000000000000000e+03
4.260000000000000000e+02 1.004000000000000000e+03 3.448000000000000000e+03
4.320000000000000000e+02 9.920000000000000000e+02 3.496000000000000000e+03
4.380000000000000000e+02 9.950000000000000000e+02 3.471000000000000000e+03
4.440000000000000000e+02 1.017000000000000000e+03 3.481000000000000000e+03
4.500000000000000000e+02 9.930000000000000000e+02 3.521000000000000000e+03
4.560000000000000000e+02 9.960000000000000000e+02 3.495000000000000000e+03
4.620000000000000000e+02 9.920000000000000000e+02 3.542000000000000000e+03
4.680000000000000000e+02 1.003000000000000000e+03 3.488000000000000000e+03
4.740000000000000000e+02 1.003000000000000000e+03 3.521000000000000000e+03
4.800000000000000000e+02 1.008000000000000000e+03 3.503000000000000000e+03
4.860000000000000000e+02 9.960000000000000000e+02 3.447000000000000000e+03
4.920000000000000000e+02 1.007000000000000000e+03 3.468000000000000000e+03
4.980000000000000000e+02 1.016000000000000000e+03 3.485000000000000000e+03
5.040000000000000000e+02 1.006000000000000000e+03 3.434000000000000000e+03
5.100000000000000000e+02 9.940000000000000000e+02 3.442000000000000000e+03
5.160000000000000000e+02 1.009000000000000000e+03 3.469000000000000000e+03
5.220000000000000000e+02 9.930000000000000000e+02 3.488000000000000000e+03
5.280000000000000000e+02 9.840000000000000000e+02 3.458000000000000000e+03
5.340000000000000000e+02 9.940000000000000000e+02 3.437000000000000000e+03
5.400000000000000000e+02 9.850000000000000000e+02 3.429000000000000000e+03
5.460000000000000000e+02 9.910000000000000000e+02 3.429000000000000000e+03
5.520000000000000000e+02 9.860000000000000000e+02 3.461000000000000000e+03
5.580000000000000000e+02 9.890000000000000000e+02 3.446000000000000000e+03
5.640000000000000000e+02 9.940000000000000000e+02 3.438000000000000000e+03
5.700000000000000000e+02 9.890000000000000000e+02 3.503000000000000000e+03
5.760000000000000000e+02 9.830000000000000000e+02 3.463000000000000000e+03
5.820000000000000000e+02 9.960000000000000000e+02 3.527000000000000000e+03
5.880000000000000000e+02 1.006000000000000000e+03 3.567000000000000000e+03
5.940000000000000000e+02 1.004000000000000000e+03 3.497000000000000000e+03
6.000000000000000000e+02 9.960000000000000000e+02 3.463000000000000000e+03
6.060000000000000000e+02 1.020000000000000000e+03 3.463000000000000000e+03
6.120000000000000000e+02 9.930000000000000000e+02 3.489000000000000000e+03
6.180000000000000000e+02 1.011000000000000000e+03 3.532000000000000000e+03
6.240000000000000000e+02 1.013000000000000000e+03 3.512000000000000000e+03
6.300000000000000000e+02 9.990000000000000000e+02 3.534000000000000000e+03
6.360000000000000000e+02 9.920000000000000000e+02 3.528000000000000000e+03
