0.000000000000000000e+00 4.721469999999999834e-02
1.000000000000000000e+01 5.410109999999999919e-02
2.000000000000000000e+01 5.203139999999999848e-02
3.000000000000000000e+01 5.364599999999999924e-02
4.000000000000000000e+01 5.436660000000000104e-02
5.000000000000000000e+01 5.366429999999999811e-02
6.000000000000000000e+01 5.425769999999999899e-02
7.000000000000000000e+01 5.355390000000000150e-02
8.000000000000000000e+01 5.476949999999999874e-02
9.000000000000000000e+01 5.431060000000000054e-02
1.000000000000000000e+02 5.355000000000000038e-02
1.100000000000000000e+02 5.415319999999999856e-02
1.200000000000000000e+02 5.426509999999999667e-02
1.300000000000000000e+02 5.447119999999999740e-02
1.400000000000000000e+02 5.489750000000000185e-02
1.500000000000000000e+02 5.357649999999999912e-02
1.600000000000000000e+02 5.552780000000000216e-02
1.700000000000000000e+02 5.440070000000000322e-02
1.800000000000000000e+02 5.642339999999999856e-02
1.900000000000000000e+02 5.592659999999999992e-02
2.000000000000000000e+02 5.564310000000000089e-02
