0.000000e+00 2.340640000000000082e-02
1.000000e+01 3.376620000000000316e-02
2.000000e+01 3.342069999999999763e-02
3.000000e+01 3.414269999999999805e-02
4.000000e+01 3.397990000000000038e-02
5.000000e+01 3.441990000000000327e-02
6.000000e+01 3.396400000000000113e-02
7.000000e+01 3.409029999999999699e-02
8.000000e+01 3.415680000000000105e-02
9.000000e+01 3.382999999999999896e-02
1.000000e+02 3.388229999999999714e-02
1.100000e+02 3.870629999999999904e-02
1.200000e+02 3.939120000000000121e-02
1.300000e+02 4.029689999999999661e-02
1.400000e+02 4.018399999999999750e-02
1.500000e+02 4.020019999999999843e-02
1.600000e+02 4.038560000000000066e-02
1.700000e+02 3.992659999999999959e-02
1.800000e+02 3.988649999999999834e-02
1.900000e+02 4.034390000000000198e-02
2.000000e+02 4.062500000000000139e-02
2.100000e+02 4.465890000000000137e-02
2.200000e+02 4.616329999999999739e-02
2.300000e+02 4.687399999999999900e-02
2.400000e+02 4.528000000000000080e-02
2.500000e+02 4.682999999999999663e-02
2.600000e+02 4.514119999999999938e-02
2.700000e+02 4.712340000000000279e-02
2.800000e+02 4.525540000000000118e-02
2.900000e+02 4.600409999999999916e-02
3.000000e+02 4.721469999999999834e-02
3.100000e+02 5.410109999999999919e-02
3.200000e+02 5.203139999999999848e-02
3.300000e+02 5.364599999999999924e-02
3.400000e+02 5.436660000000000104e-02
3.500000e+02 5.366429999999999811e-02
3.600000e+02 5.425769999999999899e-02
3.700000e+02 5.355390000000000150e-02
3.800000e+02 5.476949999999999874e-02
3.900000e+02 5.431060000000000054e-02
4.000000e+02 5.355000000000000038e-02
4.100000e+02 5.415319999999999856e-02
4.200000e+02 5.426509999999999667e-02
4.300000e+02 5.447119999999999740e-02
4.400000e+02 5.489750000000000185e-02
4.500000e+02 5.357649999999999912e-02
4.600000e+02 5.552780000000000216e-02
4.700000e+02 5.440070000000000322e-02
4.800000e+02 5.642339999999999856e-02
4.900000e+02 5.592659999999999992e-02
5.000000e+02 5.564310000000000089e-02
