0.000000000000000000e+00 4.062500000000000139e-02
1.000000000000000000e+01 4.465890000000000137e-02
2.000000000000000000e+01 4.616329999999999739e-02
3.000000000000000000e+01 4.687399999999999900e-02
4.000000000000000000e+01 4.528000000000000080e-02
5.000000000000000000e+01 4.682999999999999663e-02
6.000000000000000000e+01 4.514119999999999938e-02
7.000000000000000000e+01 4.712340000000000279e-02
8.000000000000000000e+01 4.525540000000000118e-02
9.000000000000000000e+01 4.600409999999999916e-02
1.000000000000000000e+02 4.721469999999999834e-02
