0.000000000000000000e+00 3.388229999999999714e-02
1.000000000000000000e+01 3.870629999999999904e-02
2.000000000000000000e+01 3.939120000000000121e-02
3.000000000000000000e+01 4.029689999999999661e-02
4.000000000000000000e+01 4.018399999999999750e-02
5.000000000000000000e+01 4.020019999999999843e-02
6.000000000000000000e+01 4.038560000000000066e-02
7.000000000000000000e+01 3.992659999999999959e-02
8.000000000000000000e+01 3.988649999999999834e-02
9.000000000000000000e+01 4.034390000000000198e-02
1.000000000000000000e+02 4.062559999999999782e-02
