0.000000000000000000e+00 2.340640000000000082e-02
1.000000000000000000e+01 3.376620000000000316e-02
2.000000000000000000e+01 3.342069999999999763e-02
3.000000000000000000e+01 3.414269999999999805e-02
4.000000000000000000e+01 3.397990000000000038e-02
5.000000000000000000e+01 3.441990000000000327e-02
6.000000000000000000e+01 3.396400000000000113e-02
7.000000000000000000e+01 3.409029999999999699e-02
8.000000000000000000e+01 3.415680000000000105e-02
9.000000000000000000e+01 3.382999999999999896e-02
1.000000000000000000e+02 3.388229999999999714e-02
