0.000000000000000000e+00 1.154000000000000000e+03 3.518000000000000000e+03
6.000000000000000000e+00 1.158000000000000000e+03 3.482000000000000000e+03
1.200000000000000000e+01 1.152000000000000000e+03 3.545000000000000000e+03
1.800000000000000000e+01 1.147000000000000000e+03 3.480000000000000000e+03
2.400000000000000000e+01 1.139000000000000000e+03 3.510000000000000000e+03
3.000000000000000000e+01 1.134000000000000000e+03 3.516000000000000000e+03
3.600000000000000000e+01 1.130666666666666742e+03 3.465000000000000000e+03
4.200000000000000000e+01 1.124666666666666742e+03 3.517000000000000000e+03
4.800000000000000000e+01 1.120666666666666742e+03 3.528000000000000000e+03
5.400000000000000000e+01 1.109666666666666742e+03 3.486000000000000000e+03
6.000000000000000000e+01 1.098666666666666742e+03 3.443000000000000000e+03
6.600000000000000000e+01 1.089000000000000000e+03 3.450000000000000000e+03
7.200000000000000000e+01 1.079333333333333258e+03 3.701000000000000000e+03
7.800000000000000000e+01 1.074333333333333258e+03 3.653000000000000000e+03
8.400000000000000000e+01 1.076333333333333258e+03 3.690000000000000000e+03
9.000000000000000000e+01 1.083666666666666742e+03 3.700000000000000000e+03
9.600000000000000000e+01 1.092666666666666742e+03 3.633000000000000000e+03
1.020000000000000000e+02 1.092000000000000000e+03 3.620000000000000000e+03
1.080000000000000000e+02 1.087666666666666742e+03 3.657000000000000000e+03
1.140000000000000000e+02 1.087333333333333258e+03 3.686000000000000000e+03
1.200000000000000000e+02 1.086000000000000000e+03 3.659000000000000000e+03
1.260000000000000000e+02 1.083666666666666742e+03 3.677000000000000000e+03
1.320000000000000000e+02 1.078333333333333258e+03 3.669000000000000000e+03
1.380000000000000000e+02 1.073666666666666742e+03 3.665000000000000000e+03
1.440000000000000000e+02 1.072333333333333258e+03 3.608000000000000000e+03
1.500000000000000000e+02 1.067333333333333258e+03 3.627000000000000000e+03
1.560000000000000000e+02 1.062000000000000000e+03 3.639000000000000000e+03
1.620000000000000000e+02 1.059333333333333258e+03 3.572000000000000000e+03
1.680000000000000000e+02 1.059333333333333258e+03 3.624000000000000000e+03
1.740000000000000000e+02 1.060000000000000000e+03 3.661000000000000000e+03
1.800000000000000000e+02 1.060666666666666742e+03 3.612000000000000000e+03
1.860000000000000000e+02 1.064333333333333258e+03 3.649000000000000000e+03
1.920000000000000000e+02 1.070333333333333258e+03 3.633000000000000000e+03
1.980000000000000000e+02 1.069666666666666742e+03 3.579000000000000000e+03
2.040000000000000000e+02 1.061333333333333258e+03 3.635000000000000000e+03
2.100000000000000000e+02 1.051000000000000000e+03 3.610000000000000000e+03
2.160000000000000000e+02 1.052666666666666742e+03 3.540000000000000000e+03
2.220000000000000000e+02 1.055666666666666742e+03 3.594000000000000000e+03
2.280000000000000000e+02 1.060333333333333258e+03 3.528000000000000000e+03
2.340000000000000000e+02 1.056666666666666742e+03 3.575000000000000000e+03
2.400000000000000000e+02 1.054333333333333258e+03 3.590000000000000000e+03
2.460000000000000000e+02 1.056000000000000000e+03 3.605000000000000000e+03
2.520000000000000000e+02 1.052666666666666742e+03 3.585000000000000000e+03
2.580000000000000000e+02 1.051000000000000000e+03 3.586000000000000000e+03
2.640000000000000000e+02 1.048000000000000000e+03 3.559000000000000000e+03
2.700000000000000000e+02 1.058333333333333258e+03 3.589000000000000000e+03
2.760000000000000000e+02 1.057666666666666742e+03 3.569000000000000000e+03
2.820000000000000000e+02 1.051666666666666742e+03 3.624000000000000000e+03
2.880000000000000000e+02 1.044000000000000000e+03 3.650000000000000000e+03
2.940000000000000000e+02 1.046666666666666742e+03 3.610000000000000000e+03
3.000000000000000000e+02 1.046000000000000000e+03 3.626000000000000000e+03
3.060000000000000000e+02 1.041000000000000000e+03 3.565000000000000000e+03
3.120000000000000000e+02 1.036000000000000000e+03 3.632000000000000000e+03
3.180000000000000000e+02 1.042666666666666742e+03 3.579000000000000000e+03
3.240000000000000000e+02 1.039666666666666742e+03 3.613000000000000000e+03
3.300000000000000000e+02 1.028666666666666742e+03 3.611000000000000000e+03
3.360000000000000000e+02 1.024666666666666742e+03 3.600000000000000000e+03
3.420000000000000000e+02 1.027333333333333258e+03 3.616000000000000000e+03
3.480000000000000000e+02 1.031666666666666742e+03 3.630000000000000000e+03
3.540000000000000000e+02 1.029666666666666742e+03 3.661000000000000000e+03
3.600000000000000000e+02 1.031000000000000000e+03 3.576000000000000000e+03
3.660000000000000000e+02 1.032333333333333258e+03 3.598000000000000000e+03
3.720000000000000000e+02 1.027666666666666742e+03 3.607000000000000000e+03
3.780000000000000000e+02 1.016333333333333371e+03 3.557000000000000000e+03
3.840000000000000000e+02 1.009333333333333371e+03 3.573000000000000000e+03
3.900000000000000000e+02 1.009000000000000000e+03 3.551000000000000000e+03
3.960000000000000000e+02 1.006666666666666629e+03 3.532000000000000000e+03
4.020000000000000000e+02 1.004333333333333371e+03 3.573000000000000000e+03
4.080000000000000000e+02 1.000333333333333371e+03 3.534000000000000000e+03
4.140000000000000000e+02 9.980000000000000000e+02 3.464000000000000000e+03
4.200000000000000000e+02 9.973333333333333712e+02 3.531000000000000000e+03
4.260000000000000000e+02 9.960000000000000000e+02 3.448000000000000000e+03
4.320000000000000000e+02 9.970000000000000000e+02 3.496000000000000000e+03
4.380000000000000000e+02 9.970000000000000000e+02 3.471000000000000000e+03
4.440000000000000000e+02 1.001333333333333371e+03 3.481000000000000000e+03
4.500000000000000000e+02 1.001666666666666629e+03 3.521000000000000000e+03
4.560000000000000000e+02 1.002000000000000000e+03 3.495000000000000000e+03
4.620000000000000000e+02 9.936666666666666288e+02 3.542000000000000000e+03
4.680000000000000000e+02 9.970000000000000000e+02 3.488000000000000000e+03
4.740000000000000000e+02 9.993333333333333712e+02 3.521000000000000000e+03
4.800000000000000000e+02 1.004666666666666629e+03 3.503000000000000000e+03
4.860000000000000000e+02 1.002333333333333371e+03 3.447000000000000000e+03
4.920000000000000000e+02 1.003666666666666629e+03 3.468000000000000000e+03
4.980000000000000000e+02 1.006333333333333371e+03 3.485000000000000000e+03
5.040000000000000000e+02 1.009666666666666629e+03 3.434000000000000000e+03
5.100000000000000000e+02 1.005333333333333371e+03 3.442000000000000000e+03
5.160000000000000000e+02 1.003000000000000000e+03 3.469000000000000000e+03
5.220000000000000000e+02 9.986666666666666288e+02 3.488000000000000000e+03
5.280000000000000000e+02 9.953333333333333712e+02 3.458000000000000000e+03
5.340000000000000000e+02 9.903333333333333712e+02 3.437000000000000000e+03
5.400000000000000000e+02 9.876666666666666288e+02 3.429000000000000000e+03
5.460000000000000000e+02 9.900000000000000000e+02 3.429000000000000000e+03
5.520000000000000000e+02 9.873333333333333712e+02 3.461000000000000000e+03
5.580000000000000000e+02 9.886666666666666288e+02 3.446000000000000000e+03
5.640000000000000000e+02 9.896666666666666288e+02 3.438000000000000000e+03
5.700000000000000000e+02 9.906666666666666288e+02 3.503000000000000000e+03
5.760000000000000000e+02 9.886666666666666288e+02 3.463000000000000000e+03
5.820000000000000000e+02 9.893333333333333712e+02 3.527000000000000000e+03
5.880000000000000000e+02 9.950000000000000000e+02 3.567000000000000000e+03
5.940000000000000000e+02 1.002000000000000000e+03 3.497000000000000000e+03
6.000000000000000000e+02 1.002000000000000000e+03 3.463000000000000000e+03
6.060000000000000000e+02 1.006666666666666629e+03 3.463000000000000000e+03
6.120000000000000000e+02 1.003000000000000000e+03 3.489000000000000000e+03
6.180000000000000000e+02 1.008000000000000000e+03 3.532000000000000000e+03
6.240000000000000000e+02 1.005666666666666629e+03 3.512000000000000000e+03
6.300000000000000000e+02 1.007666666666666629e+03 3.534000000000000000e+03
6.360000000000000000e+02 1.001333333333333371e+03 3.528000000000000000e+03
