0.000000000000000000e+00 0.000000000000000000e+00
6.000000000000000000e+00 0.000000000000000000e+00
1.200000000000000000e+01 1.471550097972942981e-03
1.800000000000000000e+01 3.730514745293141751e-03
2.400000000000000000e+01 7.039094554223133612e-03
3.000000000000000000e+01 1.188573180754613073e-02
3.600000000000000000e+01 1.786089234036751516e-02
4.200000000000000000e+01 2.488142996311875493e-02
4.800000000000000000e+01 3.251124423816000031e-02
5.400000000000000000e+01 4.016305500150059438e-02
6.000000000000000000e+01 4.853363336485067014e-02
6.600000000000000000e+01 5.784932937555470334e-02
7.200000000000000000e+01 6.805957040090450383e-02
7.800000000000000000e+01 7.709659376749754267e-02
8.400000000000000000e+01 8.399910939212988648e-02
9.000000000000000000e+01 8.971459133933752661e-02
9.600000000000000000e+01 9.483301899325043138e-02
1.020000000000000000e+02 1.008144793387464599e-01
1.080000000000000000e+02 1.063846296413314962e-01
1.140000000000000000e+02 1.128134054273727260e-01
1.200000000000000000e+02 1.185242484238579197e-01
1.260000000000000000e+02 1.241117439262703626e-01
1.320000000000000000e+02 1.287883412914457570e-01
1.380000000000000000e+02 1.330284800833043679e-01
1.440000000000000000e+02 1.371338532038247626e-01
1.500000000000000000e+02 1.419700614498353719e-01
1.560000000000000000e+02 1.479442386515127661e-01
1.620000000000000000e+02 1.545514764019299547e-01
1.680000000000000000e+02 1.603539137855869989e-01
1.740000000000000000e+02 1.641146142850756773e-01
1.800000000000000000e+02 1.650965269771332289e-01
1.860000000000000000e+02 1.646664846831067675e-01
1.920000000000000000e+02 1.641369903816839726e-01
1.980000000000000000e+02 1.646961550433717059e-01
2.040000000000000000e+02 1.651829358605609310e-01
2.100000000000000000e+02 1.646729498311015616e-01
2.160000000000000000e+02 1.635198102538630294e-01
2.220000000000000000e+02 1.624698251412808048e-01
2.280000000000000000e+02 1.626367536591161733e-01
2.340000000000000000e+02 1.645060269186596480e-01
2.400000000000000000e+02 1.669813851032774799e-01
2.460000000000000000e+02 1.704131742723410670e-01
2.520000000000000000e+02 1.742808009549169368e-01
2.580000000000000000e+02 1.790410457332964611e-01
2.640000000000000000e+02 1.839008238605171486e-01
2.700000000000000000e+02 1.897296183776810974e-01
2.760000000000000000e+02 1.963889302673456627e-01
2.820000000000000000e+02 2.038502960050938007e-01
2.880000000000000000e+02 2.101190122479408839e-01
2.940000000000000000e+02 2.154740233139120220e-01
3.000000000000000000e+02 2.197320451365190053e-01
3.060000000000000000e+02 2.239366426663966514e-01
3.120000000000000000e+02 2.294125817930873501e-01
3.180000000000000000e+02 2.365822143936304744e-01
3.240000000000000000e+02 2.441561797365676967e-01
3.300000000000000000e+02 2.504070182273464562e-01
3.360000000000000000e+02 2.560344367053723480e-01
3.420000000000000000e+02 2.612688605813973663e-01
3.480000000000000000e+02 2.665135093819128720e-01
3.540000000000000000e+02 2.714839404406593215e-01
3.600000000000000000e+02 2.768395566796749696e-01
3.660000000000000000e+02 2.827238566411334197e-01
3.720000000000000000e+02 2.891585002193900467e-01
3.780000000000000000e+02 2.960814964265416349e-01
3.840000000000000000e+02 3.034575670836902606e-01
3.900000000000000000e+02 3.114268823264652042e-01
3.960000000000000000e+02 3.190535050170083542e-01
4.020000000000000000e+02 3.267662302608689284e-01
4.080000000000000000e+02 3.342466076127898478e-01
4.140000000000000000e+02 3.419891476643851513e-01
4.200000000000000000e+02 3.488757944972317171e-01
4.260000000000000000e+02 3.567576756422290440e-01
4.320000000000000000e+02 3.644251393351795043e-01
4.380000000000000000e+02 3.717713994499283747e-01
4.440000000000000000e+02 3.768312205732238240e-01
4.500000000000000000e+02 3.803867433336400872e-01
4.560000000000000000e+02 3.843753148508073925e-01
4.620000000000000000e+02 3.890971744385617881e-01
4.680000000000000000e+02 3.947265718669272783e-01
4.740000000000000000e+02 3.997957266241198848e-01
4.800000000000000000e+02 4.050579811743427738e-01
4.860000000000000000e+02 4.100205354969657101e-01
4.920000000000000000e+02 4.143481328998160906e-01
4.980000000000000000e+02 4.188057013317746935e-01
5.040000000000000000e+02 4.234148286949328543e-01
5.100000000000000000e+02 4.292087194990016896e-01
5.160000000000000000e+02 4.350451450390023234e-01
5.220000000000000000e+02 4.399298818626137808e-01
5.280000000000000000e+02 4.442670945768921187e-01
5.340000000000000000e+02 4.492576101548104717e-01
5.400000000000000000e+02 4.562140926329787405e-01
5.460000000000000000e+02 4.648815081695355511e-01
5.520000000000000000e+02 4.739229153492466873e-01
5.580000000000000000e+02 4.827221077449365128e-01
5.640000000000000000e+02 4.885094930143601966e-01
5.700000000000000000e+02 4.904305808609276673e-01
5.760000000000000000e+02 4.907639688314190396e-01
5.820000000000000000e+02 4.900978718248846233e-01
5.880000000000000000e+02 4.899554016286377101e-01
5.940000000000000000e+02 4.892979664483227964e-01
6.000000000000000000e+02 4.899122820884873053e-01
6.060000000000000000e+02 4.894017549755657059e-01
6.120000000000000000e+02 4.886540780135155138e-01
6.180000000000000000e+02 4.882321901893340588e-01
6.240000000000000000e+02 4.895347260068629303e-01
6.300000000000000000e+02 4.917039017942020362e-01
6.360000000000000000e+02 4.931037947815649636e-01
6.400000000000000000e+02 4.936965858531645601e-01
