0.000000000000000000e+00 -1.468781406250000000e+05
6.000000000000000000e+00 -1.469137343750000000e+05
1.200000000000000000e+01 -1.468892031250000000e+05
1.800000000000000000e+01 -1.469722031250000000e+05
2.400000000000000000e+01 -1.469855364583333430e+05
3.000000000000000000e+01 -1.468416562500000000e+05
3.600000000000000000e+01 -1.467790312500000000e+05
4.200000000000000000e+01 -1.465171354166666570e+05
4.800000000000000000e+01 -1.463496354166666570e+05
5.400000000000000000e+01 -1.459904427083333430e+05
6.000000000000000000e+01 -1.459107552083333430e+05
6.600000000000000000e+01 -1.457753906250000000e+05
7.200000000000000000e+01 -1.453384427083333430e+05
7.800000000000000000e+01 -1.451125677083333430e+05
8.400000000000000000e+01 -1.449818593750000000e+05
9.000000000000000000e+01 -1.450982812500000000e+05
9.600000000000000000e+01 -1.448591302083333430e+05
1.020000000000000000e+02 -1.446960364583333430e+05
1.080000000000000000e+02 -1.444958489583333430e+05
1.140000000000000000e+02 -1.443074322916666570e+05
1.200000000000000000e+02 -1.442595781250000000e+05
1.260000000000000000e+02 -1.441775208333333430e+05
1.320000000000000000e+02 -1.441697864583333430e+05
1.380000000000000000e+02 -1.441047395833333430e+05
1.440000000000000000e+02 -1.440261510416666570e+05
1.500000000000000000e+02 -1.438209687500000000e+05
1.560000000000000000e+02 -1.435569166666666570e+05
1.620000000000000000e+02 -1.435258072916666570e+05
1.680000000000000000e+02 -1.438922864583333430e+05
1.740000000000000000e+02 -1.443960625000000000e+05
1.800000000000000000e+02 -1.448579947916666570e+05
1.860000000000000000e+02 -1.449817656250000000e+05
1.920000000000000000e+02 -1.451179218750000000e+05
1.980000000000000000e+02 -1.452769270833333430e+05
2.040000000000000000e+02 -1.454259375000000000e+05
2.100000000000000000e+02 -1.453693697916666570e+05
2.160000000000000000e+02 -1.455294166666666570e+05
2.220000000000000000e+02 -1.455923489583333430e+05
2.280000000000000000e+02 -1.456071041666666570e+05
2.340000000000000000e+02 -1.454182656250000000e+05
2.400000000000000000e+02 -1.455505885416666570e+05
2.460000000000000000e+02 -1.455897343750000000e+05
2.520000000000000000e+02 -1.455950208333333430e+05
2.580000000000000000e+02 -1.453652343750000000e+05
2.640000000000000000e+02 -1.452488437500000000e+05
2.700000000000000000e+02 -1.452481666666666570e+05
2.760000000000000000e+02 -1.450767500000000000e+05
2.820000000000000000e+02 -1.450889166666666570e+05
2.880000000000000000e+02 -1.447626458333333430e+05
2.940000000000000000e+02 -1.447881718750000000e+05
3.000000000000000000e+02 -1.445528437500000000e+05
3.060000000000000000e+02 -1.445742343750000000e+05
3.120000000000000000e+02 -1.444290625000000000e+05
3.180000000000000000e+02 -1.444086197916666570e+05
3.240000000000000000e+02 -1.443042760416666570e+05
3.300000000000000000e+02 -1.442959218750000000e+05
3.360000000000000000e+02 -1.442838177083333430e+05
3.420000000000000000e+02 -1.442524322916666570e+05
3.480000000000000000e+02 -1.440978697916666570e+05
3.540000000000000000e+02 -1.438851510416666570e+05
3.600000000000000000e+02 -1.437006197916666570e+05
3.660000000000000000e+02 -1.437389427083333430e+05
3.720000000000000000e+02 -1.436787135416666570e+05
3.780000000000000000e+02 -1.436491822916666570e+05
3.840000000000000000e+02 -1.435233593750000000e+05
3.900000000000000000e+02 -1.433556927083333430e+05
3.960000000000000000e+02 -1.431664791666666570e+05
4.020000000000000000e+02 -1.430211979166666570e+05
4.080000000000000000e+02 -1.429151614583333430e+05
4.140000000000000000e+02 -1.427597916666666570e+05
4.200000000000000000e+02 -1.425558750000000000e+05
4.260000000000000000e+02 -1.429946302083333430e+05
4.320000000000000000e+02 -1.437951458333333430e+05
4.380000000000000000e+02 -1.446430000000000000e+05
4.440000000000000000e+02 -1.449673072916666570e+05
4.500000000000000000e+02 -1.448647083333333430e+05
4.560000000000000000e+02 -1.448455989583333430e+05
4.620000000000000000e+02 -1.447221302083333430e+05
4.680000000000000000e+02 -1.447496458333333430e+05
4.740000000000000000e+02 -1.446153437500000000e+05
4.800000000000000000e+02 -1.446042708333333430e+05
4.860000000000000000e+02 -1.446049635416666570e+05
4.920000000000000000e+02 -1.445778750000000000e+05
4.980000000000000000e+02 -1.444635781250000000e+05
5.040000000000000000e+02 -1.443191666666666570e+05
5.100000000000000000e+02 -1.441646979166666570e+05
5.160000000000000000e+02 -1.442103072916666570e+05
5.220000000000000000e+02 -1.441930468750000000e+05
5.280000000000000000e+02 -1.441908541666666570e+05
5.340000000000000000e+02 -1.441353072916666570e+05
5.400000000000000000e+02 -1.440713541666666570e+05
5.460000000000000000e+02 -1.440404739583333430e+05
5.520000000000000000e+02 -1.440040312500000000e+05
5.580000000000000000e+02 -1.441672604166666570e+05
5.640000000000000000e+02 -1.445629687500000000e+05
5.700000000000000000e+02 -1.452026458333333430e+05
5.760000000000000000e+02 -1.454948854166666570e+05
5.820000000000000000e+02 -1.455962447916666570e+05
5.880000000000000000e+02 -1.454498593750000000e+05
5.940000000000000000e+02 -1.454549375000000000e+05
6.000000000000000000e+02 -1.456038958333333430e+05
6.060000000000000000e+02 -1.457098072916666570e+05
6.120000000000000000e+02 -1.457754739583333430e+05
6.180000000000000000e+02 -1.456384010416666570e+05
6.240000000000000000e+02 -1.455702604166666570e+05
6.300000000000000000e+02 -1.455903072916666570e+05
6.360000000000000000e+02 -1.454400312500000000e+05
