0.000000000000000000e+00 -1.666624609399999827e+04
6.000000000000000000e+00 -1.662618261749999874e+04
1.200000000000000000e+01 -1.640873014333333049e+04
1.800000000000000000e+01 -1.618133268233333365e+04
2.400000000000000000e+01 -1.591799674466666511e+04
3.000000000000000000e+01 -1.578717187500000000e+04
3.600000000000000000e+01 -1.549139811200000076e+04
4.200000000000000000e+01 -1.525898600266666654e+04
4.800000000000000000e+01 -1.502922949233333384e+04
5.400000000000000000e+01 -1.486270605466666711e+04
6.000000000000000000e+01 -1.455157649733333346e+04
6.600000000000000000e+01 -1.425217968733333510e+04
7.200000000000000000e+01 -1.446630696599999828e+04
7.800000000000000000e+01 -1.489013639300000068e+04
8.400000000000000000e+01 -1.524722884100000192e+04
9.000000000000000000e+01 -1.523218847666666807e+04
9.600000000000000000e+01 -1.520187272166666662e+04
1.020000000000000000e+02 -1.521429459666666662e+04
1.080000000000000000e+02 -1.525976888033333489e+04
1.140000000000000000e+02 -1.529144791666666606e+04
1.200000000000000000e+02 -1.538368457033333289e+04
1.260000000000000000e+02 -1.534483040366666683e+04
1.320000000000000000e+02 -1.519910384133333537e+04
1.380000000000000000e+02 -1.503551660166666807e+04
1.440000000000000000e+02 -1.496277376333333268e+04
1.500000000000000000e+02 -1.499932942733333221e+04
1.560000000000000000e+02 -1.509537988299999961e+04
1.620000000000000000e+02 -1.512433919266666635e+04
1.680000000000000000e+02 -1.499612369766666779e+04
1.740000000000000000e+02 -1.483347135400000116e+04
1.800000000000000000e+02 -1.475452376299999924e+04
1.860000000000000000e+02 -1.481960546900000008e+04
1.920000000000000000e+02 -1.489036328133333336e+04
1.980000000000000000e+02 -1.497443945299999905e+04
2.040000000000000000e+02 -1.518051302066666722e+04
2.100000000000000000e+02 -1.545610318999999981e+04
2.160000000000000000e+02 -1.558993522133333317e+04
2.220000000000000000e+02 -1.564462239566666540e+04
2.280000000000000000e+02 -1.560443977866666683e+04
2.340000000000000000e+02 -1.564713867200000095e+04
2.400000000000000000e+02 -1.556147363299999961e+04
2.460000000000000000e+02 -1.558689615900000172e+04
2.520000000000000000e+02 -1.560813248700000076e+04
2.580000000000000000e+02 -1.569625195299999905e+04
2.640000000000000000e+02 -1.575805143200000020e+04
2.700000000000000000e+02 -1.572423274700000184e+04
2.760000000000000000e+02 -1.580130078099999810e+04
2.820000000000000000e+02 -1.569135937466666655e+04
2.880000000000000000e+02 -1.576507942699999876e+04
2.940000000000000000e+02 -1.565769596333333357e+04
3.000000000000000000e+02 -1.575383723966666730e+04
3.060000000000000000e+02 -1.579530371100000048e+04
3.120000000000000000e+02 -1.583550488300000143e+04
3.180000000000000000e+02 -1.589532063799999924e+04
3.240000000000000000e+02 -1.579169986966666511e+04
3.300000000000000000e+02 -1.582753776033333270e+04
3.360000000000000000e+02 -1.582617382800000087e+04
3.420000000000000000e+02 -1.589271158833333357e+04
3.480000000000000000e+02 -1.605186067666666531e+04
3.540000000000000000e+02 -1.608729687466666837e+04
3.600000000000000000e+02 -1.611709049466666511e+04
3.660000000000000000e+02 -1.600814453133333336e+04
3.720000000000000000e+02 -1.600044954433333442e+04
3.780000000000000000e+02 -1.597282877600000029e+04
3.840000000000000000e+02 -1.582286946599999828e+04
3.900000000000000000e+02 -1.575639192699999876e+04
3.960000000000000000e+02 -1.574389550766666798e+04
4.020000000000000000e+02 -1.582036197899999934e+04
4.080000000000000000e+02 -1.576725000000000000e+04
4.140000000000000000e+02 -1.574304003899999952e+04
4.200000000000000000e+02 -1.569451595066666778e+04
4.260000000000000000e+02 -1.557773404933333222e+04
4.320000000000000000e+02 -1.550358626299999924e+04
4.380000000000000000e+02 -1.543338964833333193e+04
4.440000000000000000e+02 -1.553616406266666490e+04
4.500000000000000000e+02 -1.564986556000000019e+04
4.560000000000000000e+02 -1.570941080733333365e+04
4.620000000000000000e+02 -1.565398632799999905e+04
4.680000000000000000e+02 -1.549294010399999934e+04
4.740000000000000000e+02 -1.542915039033333414e+04
4.800000000000000000e+02 -1.542537337200000184e+04
4.860000000000000000e+02 -1.541432812466666655e+04
4.920000000000000000e+02 -1.542359309866666626e+04
4.980000000000000000e+02 -1.538057421866666664e+04
5.040000000000000000e+02 -1.550018001299999924e+04
5.100000000000000000e+02 -1.551900651033333270e+04
5.160000000000000000e+02 -1.556982031233333146e+04
5.220000000000000000e+02 -1.555536002600000029e+04
5.280000000000000000e+02 -1.560857291666666606e+04
5.340000000000000000e+02 -1.564636979166666606e+04
5.400000000000000000e+02 -1.559249283833333175e+04
5.460000000000000000e+02 -1.561304134100000192e+04
5.520000000000000000e+02 -1.557739420566666558e+04
5.580000000000000000e+02 -1.545978092433333222e+04
5.640000000000000000e+02 -1.531456315100000029e+04
5.700000000000000000e+02 -1.513323372399999971e+04
5.760000000000000000e+02 -1.525463183600000048e+04
5.820000000000000000e+02 -1.519809635433333278e+04
5.880000000000000000e+02 -1.531435286466666730e+04
5.940000000000000000e+02 -1.518970019566666451e+04
6.000000000000000000e+02 -1.515732421900000008e+04
6.060000000000000000e+02 -1.508227604199999951e+04
6.120000000000000000e+02 -1.510499772166666662e+04
6.180000000000000000e+02 -1.514136360699999932e+04
6.240000000000000000e+02 -1.516125911466666730e+04
6.300000000000000000e+02 -1.511154817699999876e+04
6.360000000000000000e+02 -1.516373111966666875e+04
