0.000000000000000000e+00 6.517752079999999948e-02
6.000000000000000000e+00 1.140607147500000002e-01
1.200000000000000000e+01 1.601577209666666668e-01
1.800000000000000000e+01 2.039076889249999969e-01
2.400000000000000000e+01 2.431590857200000289e-01
3.000000000000000000e+01 2.783873321833333359e-01
3.600000000000000000e+01 3.130902928142856867e-01
4.200000000000000000e+01 3.617958653142857584e-01
4.800000000000000000e+01 4.163439732285714734e-01
5.400000000000000000e+01 4.717746617000000420e-01
6.000000000000000000e+01 5.198414690285714235e-01
6.600000000000000000e+01 5.358889822714286710e-01
7.200000000000000000e+01 5.010672572428572780e-01
7.800000000000000000e+01 4.889459193571429330e-01
8.400000000000000000e+01 4.644997000571429169e-01
9.000000000000000000e+01 4.428597307428571717e-01
9.600000000000000000e+01 3.962977748285715363e-01
1.020000000000000000e+02 3.631084961000000111e-01
1.080000000000000000e+02 3.316290806428571769e-01
1.140000000000000000e+02 3.484759172714286257e-01
1.200000000000000000e+02 3.269009277285714332e-01
1.260000000000000000e+02 3.216844482285714513e-01
1.320000000000000000e+02 3.007418735857143033e-01
1.380000000000000000e+02 3.056112269714286178e-01
1.440000000000000000e+02 3.000460239857142830e-01
1.500000000000000000e+02 3.206802385571428937e-01
1.560000000000000000e+02 3.196858433285714729e-01
1.620000000000000000e+02 3.030805001428572010e-01
1.680000000000000000e+02 2.578643851142857768e-01
1.740000000000000000e+02 2.180857849142857352e-01
1.800000000000000000e+02 1.685414949428571674e-01
1.860000000000000000e+02 1.168728609000000279e-01
1.920000000000000000e+02 6.728524231428573144e-02
1.980000000000000000e+02 4.078849314285727494e-03
2.040000000000000000e+02 -4.024117544285713693e-02
2.100000000000000000e+02 -1.863093155714284910e-02
2.160000000000000000e+02 -1.601520692857141825e-02
2.220000000000000000e+02 1.255311170000001156e-02
2.280000000000000000e+02 3.033199964285715478e-02
2.340000000000000000e+02 4.651191907142858406e-02
2.400000000000000000e+02 9.953285238571429883e-02
2.460000000000000000e+02 1.725651364857143100e-01
2.520000000000000000e+02 1.962018321285714517e-01
2.580000000000000000e+02 2.575268903285714006e-01
2.640000000000000000e+02 2.981161743000000364e-01
2.700000000000000000e+02 3.397818237142856690e-01
2.760000000000000000e+02 3.498297537571428140e-01
2.820000000000000000e+02 3.641044084714285534e-01
2.880000000000000000e+02 3.428190848142856906e-01
2.940000000000000000e+02 3.372624424428571355e-01
3.000000000000000000e+02 3.474933227428572136e-01
3.060000000000000000e+02 3.510426391571428995e-01
3.120000000000000000e+02 3.479307111428572297e-01
3.180000000000000000e+02 3.545310320142857630e-01
3.240000000000000000e+02 3.534082327714286320e-01
3.300000000000000000e+02 3.656309099428572407e-01
3.360000000000000000e+02 3.907179478285714991e-01
3.420000000000000000e+02 3.604842041000000386e-01
3.480000000000000000e+02 3.348530133857142710e-01
3.540000000000000000e+02 3.325645438000000564e-01
3.600000000000000000e+02 3.403734374857143030e-01
3.660000000000000000e+02 3.543011718571428270e-01
3.720000000000000000e+02 3.764503417857142931e-01
3.780000000000000000e+02 4.053299978857142771e-01
3.840000000000000000e+02 4.199962437000000492e-01
3.900000000000000000e+02 4.457446637714286841e-01
3.960000000000000000e+02 4.475733747142857655e-01
4.020000000000000000e+02 4.674038748571429092e-01
4.080000000000000000e+02 4.424934640142857978e-01
4.140000000000000000e+02 4.621113909142857135e-01
4.200000000000000000e+02 4.584544433714285994e-01
4.260000000000000000e+02 4.506397809857143888e-01
4.320000000000000000e+02 4.171854038857142899e-01
4.380000000000000000e+02 3.734610473714286560e-01
4.440000000000000000e+02 3.443606044285715262e-01
4.500000000000000000e+02 3.528520629857143098e-01
4.560000000000000000e+02 3.242508667000000289e-01
4.620000000000000000e+02 2.858485822428571410e-01
4.680000000000000000e+02 2.853625261571429150e-01
4.740000000000000000e+02 3.025268572142857382e-01
4.800000000000000000e+02 2.963091038285714518e-01
4.860000000000000000e+02 3.000703831285714274e-01
4.920000000000000000e+02 3.035927464142857413e-01
4.980000000000000000e+02 2.857711225285714529e-01
5.040000000000000000e+02 3.190149457714285819e-01
5.100000000000000000e+02 3.077485046428572457e-01
5.160000000000000000e+02 2.642850830142857710e-01
5.220000000000000000e+02 3.197585615000000381e-01
5.280000000000000000e+02 3.472102530428571865e-01
5.340000000000000000e+02 3.647062770428571854e-01
5.400000000000000000e+02 4.115118957571429759e-01
5.460000000000000000e+02 4.323572291857143424e-01
5.520000000000000000e+02 4.222203308285714662e-01
5.580000000000000000e+02 3.880333949571428964e-01
5.640000000000000000e+02 3.527613351000001285e-01
5.700000000000000000e+02 2.497272478428571862e-01
5.760000000000000000e+02 1.846465384285714550e-01
5.820000000000000000e+02 1.014962890571429049e-01
5.880000000000000000e+02 2.838865617142860565e-02
5.940000000000000000e+02 -1.398795689999996796e-02
6.000000000000000000e+02 -5.708309499999966730e-03
6.060000000000000000e+02 -2.967095075714282909e-02
6.120000000000000000e+02 1.785544084285717314e-02
6.180000000000000000e+02 4.101706542857146143e-02
6.240000000000000000e+02 3.735528275714289359e-02
6.300000000000000000e+02 2.397021741428575006e-02
6.360000000000000000e+02 4.385892938571432642e-02
6.400000000000000000e+02 4.668440807142860277e-02
