0.000000000000000000e+00 0.000000000000000000e+00
6.000000000000000000e+00 1.642004668766605668e-02
1.200000000000000000e+01 3.284009337533211337e-02
1.800000000000000000e+01 4.926014006299839210e-02
2.400000000000000000e+01 6.568018675066444878e-02
3.000000000000000000e+01 8.210023343833050546e-02
3.600000000000000000e+01 9.852028012599656215e-02
4.200000000000000000e+01 1.149403268136626188e-01
4.800000000000000000e+01 1.313603735013286755e-01
5.400000000000000000e+01 1.477804201889947322e-01
6.000000000000000000e+01 1.642004668766607889e-01
6.600000000000000000e+01 1.806205135643268456e-01
7.200000000000000000e+01 1.970405602519929023e-01
7.800000000000000000e+01 2.134606069396591810e-01
8.400000000000000000e+01 2.298806536273250156e-01
9.000000000000000000e+01 2.463007003149912943e-01
9.600000000000000000e+01 2.627207470026573510e-01
1.020000000000000000e+02 2.791407936903236298e-01
1.080000000000000000e+02 2.955608403779894644e-01
1.140000000000000000e+02 3.119808870656555211e-01
1.200000000000000000e+02 3.284009337533217998e-01
1.260000000000000000e+02 3.448209804409876345e-01
1.320000000000000000e+02 3.612410271286539132e-01
1.380000000000000000e+02 3.776610738163199699e-01
1.440000000000000000e+02 3.940811205039860265e-01
1.500000000000000000e+02 4.105011671916520832e-01
1.560000000000000000e+02 4.269212138793183620e-01
1.620000000000000000e+02 4.433412605669841966e-01
1.680000000000000000e+02 4.597613072546502533e-01
1.740000000000000000e+02 4.761813539423165320e-01
1.800000000000000000e+02 4.926014006299823667e-01
1.860000000000000000e+02 5.090214473176486454e-01
1.920000000000000000e+02 5.254414940053147021e-01
1.980000000000000000e+02 5.418615406929807587e-01
2.040000000000000000e+02 5.582815873806468154e-01
2.100000000000000000e+02 5.747016340683128721e-01
2.160000000000000000e+02 5.911216807559789288e-01
2.220000000000000000e+02 6.075417274436449855e-01
2.280000000000000000e+02 6.239617741313112642e-01
2.340000000000000000e+02 6.403818208189770989e-01
2.400000000000000000e+02 6.568018675066433776e-01
2.460000000000000000e+02 6.732219141943094343e-01
2.520000000000000000e+02 6.896419608819754909e-01
2.580000000000000000e+02 7.060620075696415476e-01
2.640000000000000000e+02 7.224820542573076043e-01
2.700000000000000000e+02 7.389021009449736610e-01
2.760000000000000000e+02 7.553221476326397177e-01
2.820000000000000000e+02 7.717421943203059964e-01
2.880000000000000000e+02 7.881622410079718311e-01
2.940000000000000000e+02 8.045822876956381098e-01
3.000000000000000000e+02 8.210023343833041665e-01
3.060000000000000000e+02 8.374223810709702231e-01
3.120000000000000000e+02 8.538424277586362798e-01
3.180000000000000000e+02 8.702624744463023365e-01
3.240000000000000000e+02 8.866825211339683932e-01
3.300000000000000000e+02 9.031025678216344499e-01
3.360000000000000000e+02 9.195226145093007286e-01
3.420000000000000000e+02 9.359426611969665633e-01
3.480000000000000000e+02 9.523627078846328420e-01
3.540000000000000000e+02 9.687827545722988987e-01
3.600000000000000000e+02 9.852028012599647333e-01
3.660000000000000000e+02 1.001622847947631012e+00
3.720000000000000000e+02 1.018042894635296847e+00
3.780000000000000000e+02 1.034462941322963125e+00
3.840000000000000000e+02 1.050882988010629404e+00
3.900000000000000000e+02 1.067303034698295239e+00
3.960000000000000000e+02 1.083723081385961517e+00
4.020000000000000000e+02 1.100143128073627796e+00
4.080000000000000000e+02 1.116563174761293631e+00
4.140000000000000000e+02 1.132983221448959466e+00
4.200000000000000000e+02 1.149403268136625744e+00
4.260000000000000000e+02 1.165823314824291579e+00
4.320000000000000000e+02 1.182243361511957858e+00
4.380000000000000000e+02 1.198663408199624136e+00
4.440000000000000000e+02 1.215083181219845265e+00
4.500000000000000000e+02 1.231503501574956250e+00
4.560000000000000000e+02 1.247923274595177379e+00
4.620000000000000000e+02 1.264343594950288363e+00
4.680000000000000000e+02 1.280763641637954642e+00
4.740000000000000000e+02 1.297183688325620476e+00
4.800000000000000000e+02 1.313603735013286311e+00
4.860000000000000000e+02 1.330023781700952590e+00
4.920000000000000000e+02 1.346443828388618869e+00
4.980000000000000000e+02 1.362863601408839997e+00
5.040000000000000000e+02 1.379283921763950982e+00
5.100000000000000000e+02 1.395703694784172111e+00
5.160000000000000000e+02 1.412124015139282651e+00
5.220000000000000000e+02 1.428544061826948930e+00
5.280000000000000000e+02 1.444964108514615209e+00
5.340000000000000000e+02 1.461384155202281487e+00
5.400000000000000000e+02 1.477804201889947322e+00
5.460000000000000000e+02 1.494224248577613601e+00
5.520000000000000000e+02 1.510644021597834730e+00
5.580000000000000000e+02 1.527064341952945270e+00
5.640000000000000000e+02 1.543484388640611549e+00
5.700000000000000000e+02 1.559904435328277827e+00
5.760000000000000000e+02 1.576324482015944106e+00
5.820000000000000000e+02 1.592744528703609941e+00
5.880000000000000000e+02 1.609164575391276220e+00
5.940000000000000000e+02 1.625584348411497349e+00
6.000000000000000000e+02 1.642004668766608333e+00
6.060000000000000000e+02 1.658424441786829462e+00
6.120000000000000000e+02 1.674844762141940446e+00
6.180000000000000000e+02 1.691264808829606725e+00
6.240000000000000000e+02 1.707684855517272560e+00
6.300000000000000000e+02 1.724104902204938394e+00
6.360000000000000000e+02 1.740524948892604673e+00
6.400000000000000000e+02 1.751471646684382044e+00
