0.000000000000000000e+00 -1.666624609399999827e+04
6.000000000000000000e+00 -1.658611914099999922e+04
1.200000000000000000e+01 -1.597382519499999944e+04
1.800000000000000000e+01 -1.598405371100000048e+04
2.400000000000000000e+01 -1.579611132800000087e+04
3.000000000000000000e+01 -1.558135058600000048e+04
3.600000000000000000e+01 -1.509673242199999913e+04
4.200000000000000000e+01 -1.509887500000000000e+04
4.800000000000000000e+01 -1.489208105500000056e+04
5.400000000000000000e+01 -1.459716210900000078e+04
6.000000000000000000e+01 -1.416548632800000087e+04
6.600000000000000000e+01 -1.399389062500000000e+04
7.200000000000000000e+01 -1.523954394499999944e+04
7.800000000000000000e+01 -1.543697460900000078e+04
8.400000000000000000e+01 -1.506516796900000008e+04
9.000000000000000000e+01 -1.519442285199999969e+04
9.600000000000000000e+01 -1.534602734400000008e+04
1.020000000000000000e+02 -1.510243359400000008e+04
1.080000000000000000e+02 -1.533084570300000087e+04
1.140000000000000000e+02 -1.544106445300000087e+04
1.200000000000000000e+02 -1.537914355500000056e+04
1.260000000000000000e+02 -1.521428320300000087e+04
1.320000000000000000e+02 -1.500388476599999922e+04
1.380000000000000000e+02 -1.488838183600000048e+04
1.440000000000000000e+02 -1.499605468800000017e+04
1.500000000000000000e+02 -1.511355175799999961e+04
1.560000000000000000e+02 -1.517653320300000087e+04
1.620000000000000000e+02 -1.508293261700000039e+04
1.680000000000000000e+02 -1.472890527300000031e+04
1.740000000000000000e+02 -1.468857617199999913e+04
1.800000000000000000e+02 -1.484608984400000008e+04
1.860000000000000000e+02 -1.492415039099999922e+04
1.920000000000000000e+02 -1.490084960900000078e+04
1.980000000000000000e+02 -1.509831835900000078e+04
2.040000000000000000e+02 -1.554237109400000008e+04
2.100000000000000000e+02 -1.572762011700000039e+04
2.160000000000000000e+02 -1.549981445300000087e+04
2.220000000000000000e+02 -1.570643261700000039e+04
2.280000000000000000e+02 -1.560707226599999922e+04
2.340000000000000000e+02 -1.562791113299999961e+04
2.400000000000000000e+02 -1.544943750000000000e+04
2.460000000000000000e+02 -1.568333984400000008e+04
2.520000000000000000e+02 -1.569162011700000039e+04
2.580000000000000000e+02 -1.571379589800000031e+04
2.640000000000000000e+02 -1.586873828099999992e+04
2.700000000000000000e+02 -1.559016406199999983e+04
2.760000000000000000e+02 -1.594500000000000000e+04
2.820000000000000000e+02 -1.553891406199999983e+04
2.880000000000000000e+02 -1.581132421900000008e+04
2.940000000000000000e+02 -1.562284960900000078e+04
3.000000000000000000e+02 -1.582733789099999922e+04
3.060000000000000000e+02 -1.593572363299999961e+04
3.120000000000000000e+02 -1.574345312500000000e+04
3.180000000000000000e+02 -1.600678515599999992e+04
3.240000000000000000e+02 -1.562486132800000087e+04
3.300000000000000000e+02 -1.585096679699999913e+04
3.360000000000000000e+02 -1.600269335900000078e+04
3.420000000000000000e+02 -1.582447460900000078e+04
3.480000000000000000e+02 -1.632841406199999983e+04
3.540000000000000000e+02 -1.610900195300000087e+04
3.600000000000000000e+02 -1.591385546900000008e+04
3.660000000000000000e+02 -1.600157617199999913e+04
3.720000000000000000e+02 -1.608591699200000039e+04
3.780000000000000000e+02 -1.583099316399999952e+04
3.840000000000000000e+02 -1.555169824200000039e+04
3.900000000000000000e+02 -1.588648437500000000e+04
3.960000000000000000e+02 -1.579350390599999992e+04
4.020000000000000000e+02 -1.578109765599999992e+04
4.080000000000000000e+02 -1.572714843800000017e+04
4.140000000000000000e+02 -1.572087402300000031e+04
4.200000000000000000e+02 -1.563552539099999922e+04
4.260000000000000000e+02 -1.537680273400000078e+04
4.320000000000000000e+02 -1.549843066399999952e+04
4.380000000000000000e+02 -1.542493554699999913e+04
4.440000000000000000e+02 -1.568512597699999969e+04
4.500000000000000000e+02 -1.583953515599999992e+04
4.560000000000000000e+02 -1.560357128899999952e+04
4.620000000000000000e+02 -1.551885253899999952e+04
4.680000000000000000e+02 -1.535639648400000078e+04
4.740000000000000000e+02 -1.541220214800000031e+04
4.800000000000000000e+02 -1.550752148400000078e+04
4.860000000000000000e+02 -1.532326074200000039e+04
4.920000000000000000e+02 -1.543999706999999944e+04
4.980000000000000000e+02 -1.537846484400000008e+04
5.040000000000000000e+02 -1.568207812500000000e+04
5.100000000000000000e+02 -1.549647656199999983e+04
5.160000000000000000e+02 -1.553090625000000000e+04
5.220000000000000000e+02 -1.563869726599999922e+04
5.280000000000000000e+02 -1.565611523400000078e+04
5.340000000000000000e+02 -1.564429687500000000e+04
5.400000000000000000e+02 -1.547706640599999992e+04
5.460000000000000000e+02 -1.571776074200000039e+04
5.520000000000000000e+02 -1.553735546900000008e+04
5.580000000000000000e+02 -1.512422656199999983e+04
5.640000000000000000e+02 -1.528210742199999913e+04
5.700000000000000000e+02 -1.499336718800000017e+04
5.760000000000000000e+02 -1.548842089800000031e+04
5.820000000000000000e+02 -1.511250097699999969e+04
5.880000000000000000e+02 -1.534213671900000008e+04
5.940000000000000000e+02 -1.511446289099999922e+04
6.000000000000000000e+02 -1.501537304699999913e+04
6.060000000000000000e+02 -1.511699218800000017e+04
6.120000000000000000e+02 -1.518262793000000056e+04
6.180000000000000000e+02 -1.512447070300000087e+04
6.240000000000000000e+02 -1.517667871100000048e+04
6.300000000000000000e+02 -1.503349511700000039e+04
6.360000000000000000e+02 -1.528101953099999992e+04
