# Frame count, minimum, maximum and average direction angle, %d %.6f %.6f %.6f
1 0.270751 0.631974 0.450041
2 0.291793 0.666968 0.463092
3 0.244978 0.657634 0.468757
4 0.254722 0.722509 0.475274
5 0.261286 0.739975 0.489318
6 0.255486 0.725768 0.493662
7 0.257324 0.821840 0.506058
8 0.274821 0.833463 0.512440
9 0.283794 0.787904 0.517835
10 0.280248 0.830593 0.524754
11 0.195242 0.942777 0.531419
12 0.152101 1.009206 0.552778
13 0.007093 3.130522 0.669145
14 0.018247 3.134425 0.919746
15 0.017727 3.141593 0.965315
16 0.003621 3.138106 1.018703
17 0.010869 3.141593 0.976442
18 0.007201 3.141593 1.051163
19 0.014033 3.141593 1.078165
20 0.018247 3.137955 1.122668
21 0.003555 3.134375 1.171532
22 0.003571 3.138088 1.146152
23 0.035320 3.141593 1.172466
24 0.014286 3.123349 1.100924
25 0.003470 3.141593 1.170970
26 0.007042 3.138021 1.149957
27 0.014131 3.138021 1.185715
28 0.003621 3.120542 1.187744
29 0.003719 3.137955 1.080025
30 0.014181 3.134644 1.212121
31 0.025264 3.138021 1.223080
32 0.003470 3.137971 1.233122
33 0.007324 3.130878 1.235044
34 0.003487 3.141593 1.275403
35 0.032246 3.123546 1.266746
36 0.010792 3.141593 1.284665
37 0.006871 3.141593 1.293909
38 0.028260 3.141593 1.285560
39 0.007242 3.123480 1.297309
40 0.021200 3.123675 1.268170
41 0.003555 3.138055 1.284818
42 0.025637 3.113231 1.303764
43 0.052583 3.119538 1.305296
44 0.010675 3.138038 1.330807
45 0.073041 3.091635 1.334338
46 0.043296 3.094357 1.324785
47 0.029192 3.094696 1.336287
48 0.010347 3.130917 1.338090
49 0.056678 3.102327 1.355608
50 0.112254 3.050604 1.353624
51 0.167481 3.079628 1.369546
52 0.120295 2.999167 1.377442
53 0.086575 3.134425 1.382797
54 0.214219 3.066733 1.386857
55 0.253939 2.917960 1.381289
56 0.162198 2.861815 1.390666
57 0.127509 2.822050 1.399241
58 0.082251 2.714670 1.408177
59 0.014089 2.707258 1.416457
60 0.038044 2.673019 1.412548
61 0.164550 2.756988 1.428111
62 0.102580 2.803526 1.426104
63 0.047067 2.742221 1.438984
64 0.086117 2.749022 1.433397
65 0.072077 2.730612 1.454343
66 0.045904 3.018163 1.462860
67 0.917281 3.110244 1.467478
68 0.031568 2.916237 1.476354
69 0.950547 3.016770 1.480307
70 1.017955 3.013153 1.482612
71 1.079780 3.043370 1.487930
72 0.976901 2.975841 1.458230
73 0.976665 3.044520 1.472187
74 1.009206 2.897464 1.472283
75 1.038347 2.963425 1.480749
76 0.966418 2.501625 1.476753
77 0.883814 2.555556 1.478511
78 0.707025 2.606421 1.478552
79 0.888644 2.509414 1.481504
80 0.596199 2.328069 1.484846
81 0.609515 2.282537 1.489936
82 0.501907 2.510182 1.500914
83 0.333243 2.305732 1.501242
84 0.546788 2.364111 1.507486
85 0.450338 2.248915 1.508960
86 0.339291 2.301250 1.525758
87 0.828628 2.175662 1.519996
88 0.787917 2.156754 1.532143
89 0.803578 2.009133 1.537472
90 0.774927 2.059322 1.546554
91 0.864517 2.149634 1.546643
92 0.732537 2.101436 1.550417
93 0.739744 2.334086 1.549314
94 0.473127 2.358688 1.518818
95 0.628534 2.076153 1.457616
96 0.662312 2.029452 1.396837
97 0.582810 2.214297 1.376539
98 0.688269 2.145101 1.382967
99 0.587011 2.225167 1.376442
100 0.633936 2.503088 1.375442
101 0.603953 2.288180 1.377211
102 0.539261 2.079285 1.368353
103 0.598419 2.350959 1.372910
104 0.675839 2.089481 1.375308
105 0.687269 2.127126 1.374533
106 0.539161 2.109421 1.372354
107 0.546654 2.055614 1.362976
