0.000000000000000000e+00 -6.517752080000000205e+02
6.000000000000000000e+00 -1.629439086999999972e+03
1.200000000000000000e+01 -2.523517334000000119e+03
1.800000000000000000e+01 -3.351575928000000204e+03
2.400000000000000000e+01 -4.001646729000000050e+03
3.000000000000000000e+01 -4.545285644999999931e+03
3.600000000000000000e+01 -5.213080565999999635e+03
4.200000000000000000e+01 -4.061165282999999818e+03
4.800000000000000000e+01 -5.447806641000000127e+03
5.400000000000000000e+01 -6.403665527000000111e+03
6.000000000000000000e+01 -6.716252440999999635e+03
6.600000000000000000e+01 -5.124972655999999915e+03
7.200000000000000000e+01 -2.107764893000000029e+03
7.800000000000000000e+01 -4.364586914000000434e+03
8.400000000000000000e+01 -2.349929932000000008e+03
9.000000000000000000e+01 -3.933008788999999979e+03
9.600000000000000000e+01 -3.144328613000000132e+03
1.020000000000000000e+02 -4.393002929999999651e+03
1.080000000000000000e+02 -2.921413574000000153e+03
1.140000000000000000e+02 -3.287043457000000217e+03
1.200000000000000000e+02 -2.854337645999999950e+03
1.260000000000000000e+02 -1.984776366999999937e+03
1.320000000000000000e+02 -2.467028564000000188e+03
1.380000000000000000e+02 -3.485183349999999791e+03
1.440000000000000000e+02 -4.003438720999999987e+03
1.500000000000000000e+02 -4.365808594000000085e+03
1.560000000000000000e+02 -3.217435790999999881e+03
1.620000000000000000e+02 -1.691963623000000098e+03
1.680000000000000000e+02 1.180351685000000089e+03
1.740000000000000000e+02 3.174734500000000139e+02
1.800000000000000000e+02 -1.708305199999999857e+01
1.860000000000000000e+02 -3.866343380000000138e+02
1.920000000000000000e+02 -8.946752930000000106e+02
1.980000000000000000e+02 1.207011719000000085e+03
2.040000000000000000e+02 1.410438110000000052e+03
2.100000000000000000e+02 -3.323653869999999984e+02
2.160000000000000000e+02 1.343727260000000001e+02
2.220000000000000000e+02 -2.016865356000000020e+03
2.280000000000000000e+02 -1.631156494000000066e+03
2.340000000000000000e+02 -2.027269653000000062e+03
2.400000000000000000e+02 -2.504453613000000132e+03
2.460000000000000000e+02 -3.701821777000000111e+03
2.520000000000000000e+02 -1.986934081999999989e+03
2.580000000000000000e+02 -4.158381347999999889e+03
2.640000000000000000e+02 -4.858115233999999873e+03
2.700000000000000000e+02 -4.547751952999999958e+03
2.760000000000000000e+02 -2.730624756000000161e+03
2.820000000000000000e+02 -3.503679442999999992e+03
2.880000000000000000e+02 -2.211849121000000196e+03
2.940000000000000000e+02 -1.597969115999999985e+03
3.000000000000000000e+02 -4.874542969000000085e+03
3.060000000000000000e+02 -5.106567382999999609e+03
3.120000000000000000e+02 -4.329916992000000391e+03
3.180000000000000000e+02 -3.192647217000000182e+03
3.240000000000000000e+02 -3.425083496000000196e+03
3.300000000000000000e+02 -3.067436522999999852e+03
3.360000000000000000e+02 -3.354061768000000029e+03
3.420000000000000000e+02 -2.758180907999999818e+03
3.480000000000000000e+02 -3.312384032999999818e+03
3.540000000000000000e+02 -4.169724121000000196e+03
3.600000000000000000e+02 -3.739269775000000209e+03
3.660000000000000000e+02 -4.400024902000000111e+03
3.720000000000000000e+02 -4.617878418000000238e+03
3.780000000000000000e+02 -5.375637695000000349e+03
3.840000000000000000e+02 -3.784818115000000034e+03
3.900000000000000000e+02 -5.114773438000000169e+03
3.960000000000000000e+02 -4.297733887000000323e+03
4.020000000000000000e+02 -5.127404784999999720e+03
4.080000000000000000e+02 -2.656296143000000029e+03
4.140000000000000000e+02 -5.991133300999999847e+03
4.200000000000000000e+02 -5.119651367000000391e+03
4.260000000000000000e+02 -3.237791748000000098e+03
4.320000000000000000e+02 -2.772967040999999881e+03
4.380000000000000000e+02 -1.237028931000000057e+03
4.440000000000000000e+02 -3.090373779000000013e+03
4.500000000000000000e+02 -3.250698241999999937e+03
4.560000000000000000e+02 -3.989049560999999812e+03
4.620000000000000000e+02 -2.431491454999999860e+03
4.680000000000000000e+02 -3.203767821999999796e+03
4.740000000000000000e+02 -3.974470214999999826e+03
4.800000000000000000e+02 -8.017861940000000232e+02
4.860000000000000000e+02 -3.353663329999999860e+03
4.920000000000000000e+02 -3.497263672000000042e+03
4.980000000000000000e+02 -2.741535889000000225e+03
5.040000000000000000e+02 -4.758559081999999762e+03
5.100000000000000000e+02 -2.415116942999999992e+03
5.160000000000000000e+02 -9.320307010000000218e+02
5.220000000000000000e+02 -4.684929688000000169e+03
5.280000000000000000e+02 -5.275281737999999677e+03
5.340000000000000000e+02 -4.721985351999999693e+03
5.400000000000000000e+02 -6.017929199000000153e+03
5.460000000000000000e+02 -6.217732422000000042e+03
5.520000000000000000e+02 -1.705534057999999959e+03
5.580000000000000000e+02 1.461054810000000089e+03
5.640000000000000000e+02 -2.215885498000000098e+03
5.700000000000000000e+02 1.937104370000000017e+03
5.760000000000000000e+02 -1.663356929999999920e+02
5.820000000000000000e+02 -1.974117430000000013e+02
5.880000000000000000e+02 -1.100198120000000017e+03
5.940000000000000000e+02 1.260828856999999971e+03
6.000000000000000000e+02 8.814794920000000502e+02
6.060000000000000000e+02 -5.385006100000000515e+02
6.120000000000000000e+02 -1.389743042000000059e+03
6.180000000000000000e+02 -1.787649413999999979e+03
6.240000000000000000e+02 5.891304399999999930e+01
6.300000000000000000e+02 -1.632435460000000091e+02
6.360000000000000000e+02 -1.313809809999999914e+02
6.400000000000000000e+02 6.836959839999999531e+02
