0.000000000000000000e+00 -1.468781406250000000e+05
6.000000000000000000e+00 -1.469493281250000000e+05
1.200000000000000000e+01 -1.468401406250000000e+05
1.800000000000000000e+01 -1.471271406250000000e+05
2.400000000000000000e+01 -1.469893281250000000e+05
3.000000000000000000e+01 -1.464085000000000000e+05
3.600000000000000000e+01 -1.469392656250000000e+05
4.200000000000000000e+01 -1.462036406250000000e+05
4.800000000000000000e+01 -1.459060000000000000e+05
5.400000000000000000e+01 -1.458616875000000000e+05
6.000000000000000000e+01 -1.459645781250000000e+05
6.600000000000000000e+01 -1.454999062500000000e+05
7.200000000000000000e+01 -1.445508437500000000e+05
7.800000000000000000e+01 -1.452869531250000000e+05
8.400000000000000000e+01 -1.451077812500000000e+05
9.000000000000000000e+01 -1.449001093750000000e+05
9.600000000000000000e+01 -1.445695000000000000e+05
1.020000000000000000e+02 -1.446185000000000000e+05
1.080000000000000000e+02 -1.442995468750000000e+05
1.140000000000000000e+02 -1.440042500000000000e+05
1.200000000000000000e+02 -1.444749375000000000e+05
1.260000000000000000e+02 -1.440533750000000000e+05
1.320000000000000000e+02 -1.439810468750000000e+05
1.380000000000000000e+02 -1.442797968750000000e+05
1.440000000000000000e+02 -1.438176093750000000e+05
1.500000000000000000e+02 -1.433655000000000000e+05
1.560000000000000000e+02 -1.434876406250000000e+05
1.620000000000000000e+02 -1.437242812500000000e+05
1.680000000000000000e+02 -1.444649375000000000e+05
1.740000000000000000e+02 -1.449989687500000000e+05
1.800000000000000000e+02 -1.451100781250000000e+05
1.860000000000000000e+02 -1.448362500000000000e+05
1.920000000000000000e+02 -1.454074375000000000e+05
1.980000000000000000e+02 -1.455870937500000000e+05
2.040000000000000000e+02 -1.452832812500000000e+05
2.100000000000000000e+02 -1.452377343750000000e+05
2.160000000000000000e+02 -1.460672343750000000e+05
2.220000000000000000e+02 -1.454720781250000000e+05
2.280000000000000000e+02 -1.452820000000000000e+05
2.340000000000000000e+02 -1.455007187500000000e+05
2.400000000000000000e+02 -1.458690468750000000e+05
2.460000000000000000e+02 -1.453994375000000000e+05
2.520000000000000000e+02 -1.455165781250000000e+05
2.580000000000000000e+02 -1.451796875000000000e+05
2.640000000000000000e+02 -1.450502656250000000e+05
2.700000000000000000e+02 -1.455145468750000000e+05
2.760000000000000000e+02 -1.446654375000000000e+05
2.820000000000000000e+02 -1.450867656250000000e+05
2.880000000000000000e+02 -1.445357343750000000e+05
2.940000000000000000e+02 -1.447420156250000000e+05
3.000000000000000000e+02 -1.443807812500000000e+05
3.060000000000000000e+02 -1.445999062500000000e+05
3.120000000000000000e+02 -1.443065000000000000e+05
3.180000000000000000e+02 -1.443194531250000000e+05
3.240000000000000000e+02 -1.442868750000000000e+05
3.300000000000000000e+02 -1.442814375000000000e+05
3.360000000000000000e+02 -1.442831406250000000e+05
3.420000000000000000e+02 -1.441927187500000000e+05
3.480000000000000000e+02 -1.438177500000000000e+05
3.540000000000000000e+02 -1.436449843750000000e+05
3.600000000000000000e+02 -1.436391250000000000e+05
3.660000000000000000e+02 -1.439327187500000000e+05
3.720000000000000000e+02 -1.434642968750000000e+05
3.780000000000000000e+02 -1.435505312500000000e+05
3.840000000000000000e+02 -1.435552500000000000e+05
3.900000000000000000e+02 -1.429612968750000000e+05
3.960000000000000000e+02 -1.429828906250000000e+05
4.020000000000000000e+02 -1.431194062500000000e+05
4.080000000000000000e+02 -1.426431875000000000e+05
4.140000000000000000e+02 -1.425167812500000000e+05
4.200000000000000000e+02 -1.425076562500000000e+05
4.260000000000000000e+02 -1.439594531250000000e+05
4.320000000000000000e+02 -1.449183281250000000e+05
4.380000000000000000e+02 -1.450512187500000000e+05
4.440000000000000000e+02 -1.449323750000000000e+05
4.500000000000000000e+02 -1.446105312500000000e+05
4.560000000000000000e+02 -1.449938906250000000e+05
4.620000000000000000e+02 -1.445619687500000000e+05
4.680000000000000000e+02 -1.446930781250000000e+05
4.740000000000000000e+02 -1.445909843750000000e+05
4.800000000000000000e+02 -1.445287500000000000e+05
4.860000000000000000e+02 -1.446951562500000000e+05
4.920000000000000000e+02 -1.445097187500000000e+05
4.980000000000000000e+02 -1.441858593750000000e+05
5.040000000000000000e+02 -1.442619218750000000e+05
5.100000000000000000e+02 -1.440463125000000000e+05
5.160000000000000000e+02 -1.443226875000000000e+05
5.220000000000000000e+02 -1.442101406250000000e+05
5.280000000000000000e+02 -1.440397343750000000e+05
5.340000000000000000e+02 -1.441560468750000000e+05
5.400000000000000000e+02 -1.440182812500000000e+05
5.460000000000000000e+02 -1.439470937500000000e+05
5.520000000000000000e+02 -1.440467187500000000e+05
5.580000000000000000e+02 -1.445079687500000000e+05
5.640000000000000000e+02 -1.451342187500000000e+05
5.700000000000000000e+02 -1.459657500000000000e+05
5.760000000000000000e+02 -1.453846875000000000e+05
5.820000000000000000e+02 -1.454382968750000000e+05
5.880000000000000000e+02 -1.455265937500000000e+05
5.940000000000000000e+02 -1.453999218750000000e+05
6.000000000000000000e+02 -1.458851718750000000e+05
6.060000000000000000e+02 -1.458443281250000000e+05
6.120000000000000000e+02 -1.455969218750000000e+05
6.180000000000000000e+02 -1.454739531250000000e+05
6.240000000000000000e+02 -1.456399062500000000e+05
6.300000000000000000e+02 -1.456570625000000000e+05
6.360000000000000000e+02 -1.450231250000000000e+05
