0.000000000000000000e+00 6.367090000000000138e+00
1.000000000000000000e+01 6.467089999999999783e+00
2.000000000000000000e+01 6.567090000000000316e+00
3.000000000000000000e+01 6.667089999999999961e+00
4.000000000000000000e+01 6.767089999999999606e+00
5.000000000000000000e+01 6.867090000000000138e+00
6.000000000000000000e+01 6.967089999999999783e+00
7.000000000000000000e+01 7.067090000000000316e+00
8.000000000000000000e+01 7.167089999999999961e+00
9.000000000000000000e+01 7.267089999999999606e+00
1.000000000000000000e+02 7.367090000000000138e+00
1.100000000000000000e+02 7.467089999999999783e+00
1.200000000000000000e+02 7.567090000000000316e+00
1.300000000000000000e+02 7.667089999999999961e+00
1.400000000000000000e+02 7.767089999999999606e+00
1.500000000000000000e+02 7.867090000000000138e+00
1.600000000000000000e+02 7.967089999999999783e+00
1.700000000000000000e+02 8.067090000000000316e+00
1.800000000000000000e+02 8.167089999999999961e+00
1.900000000000000000e+02 8.267089999999999606e+00
2.000000000000000000e+02 8.367089999999999250e+00
2.100000000000000000e+02 8.467090999999999923e+00
2.200000000000000000e+02 8.567090000000000316e+00
2.300000000000000000e+02 8.667089999999999961e+00
2.400000000000000000e+02 8.767089999999999606e+00
2.500000000000000000e+02 8.867089999999999250e+00
2.600000000000000000e+02 8.967090999999999923e+00
2.700000000000000000e+02 9.067090000000000316e+00
2.800000000000000000e+02 9.167089999999999961e+00
2.900000000000000000e+02 9.267089999999999606e+00
3.000000000000000000e+02 9.367089999999999250e+00
3.100000000000000000e+02 9.467090999999999923e+00
3.200000000000000000e+02 9.567090000000000316e+00
3.300000000000000000e+02 9.667089999999999961e+00
3.400000000000000000e+02 9.767089999999999606e+00
3.500000000000000000e+02 9.867089999999999250e+00
3.600000000000000000e+02 9.967090999999999923e+00
3.700000000000000000e+02 1.006709000000000032e+01
3.800000000000000000e+02 1.016708999999999996e+01
3.900000000000000000e+02 1.026708999999999961e+01
4.000000000000000000e+02 1.036708999999999925e+01
4.100000000000000000e+02 1.046709099999999992e+01
4.200000000000000000e+02 1.056709000000000032e+01
4.300000000000000000e+02 1.066708999999999996e+01
4.400000000000000000e+02 1.076708999999999961e+01
4.500000000000000000e+02 1.086708999999999925e+01
4.600000000000000000e+02 1.096709000000000067e+01
4.700000000000000000e+02 1.106709000000000032e+01
4.800000000000000000e+02 1.116708999999999996e+01
4.900000000000000000e+02 1.126708999999999961e+01
5.000000000000000000e+02 1.136708999999999925e+01
5.100000000000000000e+02 1.146709000000000067e+01
5.200000000000000000e+02 1.156709000000000032e+01
5.300000000000000000e+02 1.166708999999999996e+01
5.400000000000000000e+02 1.176708999999999961e+01
5.500000000000000000e+02 1.186708999999999925e+01
5.600000000000000000e+02 1.196709000000000067e+01
5.700000000000000000e+02 1.206709000000000032e+01
5.800000000000000000e+02 1.216708999999999996e+01
5.900000000000000000e+02 1.226708999999999961e+01
6.000000000000000000e+02 1.236708999999999925e+01
6.100000000000000000e+02 1.246709000000000067e+01
6.200000000000000000e+02 1.256709000000000032e+01
6.300000000000000000e+02 1.266708999999999996e+01
6.400000000000000000e+02 1.276708999999999961e+01
6.500000000000000000e+02 1.286708999999999925e+01
6.600000000000000000e+02 1.296709000000000067e+01
6.700000000000000000e+02 1.306709000000000032e+01
6.800000000000000000e+02 1.316708999999999996e+01
6.900000000000000000e+02 1.326708999999999961e+01
7.000000000000000000e+02 1.336708999999999925e+01
7.100000000000000000e+02 1.346709000000000067e+01
7.200000000000000000e+02 1.356709000000000032e+01
7.300000000000000000e+02 1.366708999999999996e+01
7.400000000000000000e+02 1.376708999999999961e+01
7.500000000000000000e+02 1.386708999999999925e+01
7.600000000000000000e+02 1.396709000000000067e+01
7.700000000000000000e+02 1.406709000000000032e+01
7.800000000000000000e+02 1.416708999999999996e+01
7.900000000000000000e+02 1.426708999999999961e+01
8.000000000000000000e+02 1.436708999999999925e+01
