0.000000000000000000e+00 1.195729999999999987e-01
1.000000000000000000e+01 2.229036000000000073e-01
2.000000000000000000e+01 2.223073999999999883e-01
3.000000000000000000e+01 2.256856999999999891e-01
4.000000000000000000e+01 2.246085999999999916e-01
5.000000000000000000e+01 2.249751999999999863e-01
6.000000000000000000e+01 2.243178999999999867e-01
7.000000000000000000e+01 2.238593000000000111e-01
8.000000000000000000e+01 2.274143999999999888e-01
9.000000000000000000e+01 2.263431999999999944e-01
1.000000000000000000e+02 2.234653000000000056e-01
1.100000000000000000e+02 2.254294000000000020e-01
1.200000000000000000e+02 2.257975000000000121e-01
1.300000000000000000e+02 2.248052000000000106e-01
1.400000000000000000e+02 2.258931000000000133e-01
1.500000000000000000e+02 2.245941999999999938e-01
1.600000000000000000e+02 2.243816999999999895e-01
1.700000000000000000e+02 2.260861999999999872e-01
1.800000000000000000e+02 2.271614999999999884e-01
1.900000000000000000e+02 2.263409000000000115e-01
2.000000000000000000e+02 2.238988000000000089e-01
