0.000000000000000000e+00 3.777069999999999733e-02
1.000000000000000000e+01 5.908010000000000345e-02
2.000000000000000000e+01 5.915190000000000031e-02
3.000000000000000000e+01 5.877480000000000204e-02
4.000000000000000000e+01 5.916119999999999712e-02
5.000000000000000000e+01 5.924009999999999693e-02
6.000000000000000000e+01 5.986439999999999817e-02
7.000000000000000000e+01 5.979770000000000224e-02
8.000000000000000000e+01 5.988360000000000211e-02
9.000000000000000000e+01 5.986820000000000336e-02
1.000000000000000000e+02 6.048719999999999791e-02
