0.000000000000000000e+00 8.298210000000000308e-02
1.000000000000000000e+01 1.162115999999999982e-01
2.000000000000000000e+01 1.196746000000000060e-01
3.000000000000000000e+01 1.200655999999999946e-01
4.000000000000000000e+01 1.206229999999999941e-01
5.000000000000000000e+01 1.209318999999999950e-01
6.000000000000000000e+01 1.198087000000000041e-01
7.000000000000000000e+01 1.215339000000000003e-01
8.000000000000000000e+01 1.210105999999999959e-01
9.000000000000000000e+01 1.203322000000000003e-01
1.000000000000000000e+02 1.195729999999999987e-01
