0.000000e+00 3.777069999999999733e-02
1.000000e+01 5.908010000000000345e-02
2.000000e+01 5.915190000000000031e-02
3.000000e+01 5.877480000000000204e-02
4.000000e+01 5.916119999999999712e-02
5.000000e+01 5.924009999999999693e-02
6.000000e+01 5.986439999999999817e-02
7.000000e+01 5.979770000000000224e-02
8.000000e+01 5.988360000000000211e-02
9.000000e+01 5.986820000000000336e-02
1.000000e+02 6.048730000000000079e-02
1.100000e+02 7.985949999999999993e-02
1.200000e+02 8.074710000000000221e-02
1.300000e+02 8.087729999999999919e-02
1.400000e+02 8.167789999999999773e-02
1.500000e+02 8.179989999999999484e-02
1.600000e+02 8.182449999999999446e-02
1.700000e+02 8.208169999999999356e-02
1.800000e+02 8.258659999999999612e-02
1.900000e+02 8.312200000000000144e-02
2.000000e+02 8.298210000000000308e-02
2.100000e+02 1.162115999999999982e-01
2.200000e+02 1.196746000000000060e-01
2.300000e+02 1.200655999999999946e-01
2.400000e+02 1.206229999999999941e-01
2.500000e+02 1.209318999999999950e-01
2.600000e+02 1.198087000000000041e-01
2.700000e+02 1.215339000000000003e-01
2.800000e+02 1.210105999999999959e-01
2.900000e+02 1.203322000000000003e-01
3.000000e+02 1.195729999999999987e-01
3.100000e+02 2.229036000000000073e-01
3.200000e+02 2.223073999999999883e-01
3.300000e+02 2.256856999999999891e-01
3.400000e+02 2.246085999999999916e-01
3.500000e+02 2.249751999999999863e-01
3.600000e+02 2.243178999999999867e-01
3.700000e+02 2.238593000000000111e-01
3.800000e+02 2.274143999999999888e-01
3.900000e+02 2.263431999999999944e-01
4.000000e+02 2.234653000000000056e-01
4.100000e+02 2.254294000000000020e-01
4.200000e+02 2.257975000000000121e-01
4.300000e+02 2.248052000000000106e-01
4.400000e+02 2.258931000000000133e-01
4.500000e+02 2.245941999999999938e-01
4.600000e+02 2.243816999999999895e-01
4.700000e+02 2.260861999999999872e-01
4.800000e+02 2.271614999999999884e-01
4.900000e+02 2.263409000000000115e-01
5.000000e+02 2.238988000000000089e-01
