0.000000000000000000e+00 6.048730000000000079e-02
1.000000000000000000e+01 7.985949999999999993e-02
2.000000000000000000e+01 8.074710000000000221e-02
3.000000000000000000e+01 8.087729999999999919e-02
4.000000000000000000e+01 8.167789999999999773e-02
5.000000000000000000e+01 8.179989999999999484e-02
6.000000000000000000e+01 8.182449999999999446e-02
7.000000000000000000e+01 8.208169999999999356e-02
8.000000000000000000e+01 8.258659999999999612e-02
9.000000000000000000e+01 8.312200000000000144e-02
1.000000000000000000e+02 8.298220000000000596e-02
