0.000000000000000000e+00 -6.152285937500000000e+04
1.000000000000000000e+01 -6.158116015650000190e+04
2.000000000000000000e+01 -6.163871484400000190e+04
3.000000000000000000e+01 -6.126970507799999905e+04
4.000000000000000000e+01 -6.070438085899999714e+04
5.000000000000000000e+01 -6.026172656200000347e+04
6.000000000000000000e+01 -6.021734570299999905e+04
7.000000000000000000e+01 -6.048690820299999905e+04
8.000000000000000000e+01 -6.079152343700000347e+04
9.000000000000000000e+01 -6.094742968700000347e+04
1.000000000000000000e+02 -6.074360742149999714e+04
1.100000000000000000e+02 -6.053854492149999714e+04
1.200000000000000000e+02 -6.038933593700000347e+04
1.300000000000000000e+02 -6.025966015599999810e+04
1.400000000000000000e+02 -6.031109960950000095e+04
1.500000000000000000e+02 -6.002518164049999905e+04
1.600000000000000000e+02 -5.926064843700000347e+04
1.700000000000000000e+02 -5.836306250000000000e+04
1.800000000000000000e+02 -5.805677929700000095e+04
1.900000000000000000e+02 -5.802915820299999905e+04
2.000000000000000000e+02 -5.808656835950000095e+04
2.100000000000000000e+02 -5.864600195350000286e+04
2.200000000000000000e+02 -5.870263671900000190e+04
2.300000000000000000e+02 -5.892033984400000190e+04
2.400000000000000000e+02 -5.905499804700000095e+04
2.500000000000000000e+02 -5.834575781250000000e+04
2.600000000000000000e+02 -5.773159179700000095e+04
2.700000000000000000e+02 -5.763578320299999905e+04
2.800000000000000000e+02 -5.772649414049999905e+04
2.900000000000000000e+02 -5.814058593750000000e+04
3.000000000000000000e+02 -5.843297851549999905e+04
3.100000000000000000e+02 -5.835819335899999714e+04
3.200000000000000000e+02 -5.855115234349999810e+04
3.300000000000000000e+02 -5.822598242200000095e+04
3.400000000000000000e+02 -5.750490820350000286e+04
3.500000000000000000e+02 -5.730990625000000000e+04
3.600000000000000000e+02 -5.704113281200000347e+04
3.700000000000000000e+02 -5.690376757799999905e+04
3.800000000000000000e+02 -5.673754296900000190e+04
3.900000000000000000e+02 -5.643648046900000190e+04
4.000000000000000000e+02 -5.661512304700000095e+04
4.100000000000000000e+02 -5.704362890599999810e+04
4.200000000000000000e+02 -5.749624414049999905e+04
4.300000000000000000e+02 -5.762420117200000095e+04
4.400000000000000000e+02 -5.760402539049999905e+04
4.500000000000000000e+02 -5.750404492200000095e+04
4.600000000000000000e+02 -5.753914257850000286e+04
4.700000000000000000e+02 -5.762229882850000286e+04
4.800000000000000000e+02 -5.731268945350000286e+04
4.900000000000000000e+02 -5.724586132850000286e+04
5.000000000000000000e+02 -5.746954882850000286e+04
5.100000000000000000e+02 -5.762095898450000095e+04
5.200000000000000000e+02 -5.732142187500000000e+04
5.300000000000000000e+02 -5.706933007799999905e+04
5.400000000000000000e+02 -5.741181445299999905e+04
5.500000000000000000e+02 -5.749975390599999810e+04
5.600000000000000000e+02 -5.714812890599999810e+04
5.700000000000000000e+02 -5.713432031250000000e+04
5.800000000000000000e+02 -5.742916992200000095e+04
5.900000000000000000e+02 -5.747111132850000286e+04
6.000000000000000000e+02 -5.735895703150000190e+04
6.100000000000000000e+02 -5.713964453150000190e+04
6.200000000000000000e+02 -5.699726367200000095e+04
6.300000000000000000e+02 -5.704418554700000095e+04
6.400000000000000000e+02 -5.735257226600000286e+04
6.500000000000000000e+02 -5.743327343750000000e+04
6.600000000000000000e+02 -5.724738476549999905e+04
6.700000000000000000e+02 -5.735465429700000095e+04
6.800000000000000000e+02 -5.720811523450000095e+04
6.900000000000000000e+02 -5.706039453150000190e+04
7.000000000000000000e+02 -5.709811132850000286e+04
7.100000000000000000e+02 -5.726699414049999905e+04
7.200000000000000000e+02 -5.754833203099999810e+04
7.300000000000000000e+02 -5.728671679700000095e+04
7.400000000000000000e+02 -5.705926171900000190e+04
7.500000000000000000e+02 -5.721340039100000286e+04
7.600000000000000000e+02 -5.734470898450000095e+04
7.700000000000000000e+02 -5.723579296849999810e+04
7.800000000000000000e+02 -5.722546875000000000e+04
7.900000000000000000e+02 -5.742319726600000286e+04
8.000000000000000000e+02 -5.710949609400000190e+04
