0.000000000000000000e+00 3.168345640000000407e-02
1.000000000000000000e+01 6.542504730000001101e-02
2.000000000000000000e+01 1.587286926500000028e-01
3.000000000000000000e+01 2.430197021500000443e-01
4.000000000000000000e+01 3.270098510500000222e-01
5.000000000000000000e+01 4.125306152000000615e-01
6.000000000000000000e+01 3.932707153000000178e-01
7.000000000000000000e+01 2.129260803000000424e-01
8.000000000000000000e+01 1.591570739500000609e-01
9.000000000000000000e+01 2.743355835000000909e-01
1.000000000000000000e+02 4.162798462000000810e-01
1.100000000000000000e+02 5.297994384499999931e-01
1.200000000000000000e+02 4.979738036999999951e-01
1.300000000000000000e+02 4.828906982500000833e-01
1.400000000000000000e+02 5.095586914000000966e-01
1.500000000000000000e+02 5.329690918000001831e-01
1.600000000000000000e+02 4.984452392500001716e-01
1.700000000000000000e+02 3.544017578000001611e-01
1.800000000000000000e+02 3.303892212000001383e-01
1.900000000000000000e+02 3.808592041000001260e-01
2.000000000000000000e+02 2.463710815500001206e-01
2.100000000000000000e+02 1.831034180000001288e-01
2.200000000000000000e+02 2.640066040000000891e-01
2.300000000000000000e+02 2.404968322500000699e-01
2.400000000000000000e+02 2.872757873500001446e-01
2.500000000000000000e+02 2.762410095000001897e-01
2.600000000000000000e+02 1.636152832000001278e-01
2.700000000000000000e+02 1.132274963500001091e-01
2.800000000000000000e+02 1.276325927500001067e-01
2.900000000000000000e+02 2.458019897500001438e-01
3.000000000000000000e+02 3.045470581500001606e-01
3.100000000000000000e+02 3.212919922000001538e-01
3.200000000000000000e+02 3.464017456000001438e-01
3.300000000000000000e+02 2.656095276000001171e-01
3.400000000000000000e+02 1.506834411500001247e-01
3.500000000000000000e+02 1.039609252500001135e-01
3.600000000000000000e+02 1.004062988000001128e-01
3.700000000000000000e+02 1.396508972000001236e-01
3.800000000000000000e+02 1.171776336500001126e-01
3.900000000000000000e+02 8.737470090000010181e-02
4.000000000000000000e+02 8.373529965000009456e-02
4.100000000000000000e+02 6.453740235000010594e-02
4.200000000000000000e+02 6.740224610000010441e-02
4.300000000000000000e+02 4.787648010000009752e-02
4.400000000000000000e+02 2.103309020000009716e-02
4.500000000000000000e+02 5.471057125000009652e-02
4.600000000000000000e+02 9.742991330000008721e-02
4.700000000000000000e+02 3.222064970000009659e-02
4.800000000000000000e+02 -1.049775389999990129e-02
4.900000000000000000e+02 2.995946655000009812e-02
5.000000000000000000e+02 4.050675200000010412e-02
5.100000000000000000e+02 3.230195160000010057e-02
5.200000000000000000e+02 1.251371490000010266e-02
5.300000000000000000e+02 -2.695319449999899163e-03
5.400000000000000000e+02 -1.142141304999990184e-02
5.500000000000000000e+02 -7.830940499999015925e-04
5.600000000000000000e+02 2.932094875000010314e-02
5.700000000000000000e+02 6.834915150000104786e-03
5.800000000000000000e+02 -1.827407999998968691e-04
5.900000000000000000e+02 3.771243285000010215e-02
6.000000000000000000e+02 5.313442840000009992e-02
6.100000000000000000e+02 4.598434295000010386e-02
6.200000000000000000e+02 4.130015260000011179e-02
6.300000000000000000e+02 4.016647340000011057e-02
6.400000000000000000e+02 6.497395350000106581e-03
6.500000000000000000e+02 4.532603450000107989e-03
6.600000000000000000e+02 -3.792607149999890903e-03
6.700000000000000000e+02 3.066831950000108858e-03
6.800000000000000000e+02 2.353130340000010937e-02
6.900000000000000000e+02 -2.414479064999989349e-02
7.000000000000000000e+02 -3.334659004999989546e-02
7.100000000000000000e+02 2.436980705000010849e-02
7.200000000000000000e+02 7.675121155000011464e-02
7.300000000000000000e+02 3.260238495000011144e-02
7.400000000000000000e+02 1.165406340000010865e-02
7.500000000000000000e+02 9.891091900000110321e-03
7.600000000000000000e+02 -1.700972594999988763e-02
7.700000000000000000e+02 -1.413966139999989040e-02
7.800000000000000000e+02 2.774883250000111448e-03
7.900000000000000000e+02 -1.013029499999889074e-03
8.000000000000000000e+02 -8.971842199999888884e-03
