0.000000000000000000e+00 3.855000000000000000e+03 1.325700000000000000e+04
1.000000000000000000e+01 3.865500000000000000e+03 1.307400000000000000e+04
2.000000000000000000e+01 3.871500000000000000e+03 1.300100000000000000e+04
3.000000000000000000e+01 3.864000000000000000e+03 1.277100000000000000e+04
4.000000000000000000e+01 3.857500000000000000e+03 1.257800000000000000e+04
5.000000000000000000e+01 3.824000000000000000e+03 1.258400000000000000e+04
6.000000000000000000e+01 3.798500000000000000e+03 1.265200000000000000e+04
7.000000000000000000e+01 3.804000000000000000e+03 1.302300000000000000e+04
8.000000000000000000e+01 3.829000000000000000e+03 1.289200000000000000e+04
9.000000000000000000e+01 3.839000000000000000e+03 1.276800000000000000e+04
1.000000000000000000e+02 3.795500000000000000e+03 1.277300000000000000e+04
1.100000000000000000e+02 3.749500000000000000e+03 1.253900000000000000e+04
1.200000000000000000e+02 3.719500000000000000e+03 1.244500000000000000e+04
1.300000000000000000e+02 3.708000000000000000e+03 1.251800000000000000e+04
1.400000000000000000e+02 3.685500000000000000e+03 1.235100000000000000e+04
1.500000000000000000e+02 3.636500000000000000e+03 1.238700000000000000e+04
1.600000000000000000e+02 3.637000000000000000e+03 1.242500000000000000e+04
1.700000000000000000e+02 3.656500000000000000e+03 1.269100000000000000e+04
1.800000000000000000e+02 3.671000000000000000e+03 1.275400000000000000e+04
1.900000000000000000e+02 3.679500000000000000e+03 1.258700000000000000e+04
2.000000000000000000e+02 3.701500000000000000e+03 1.291600000000000000e+04
2.100000000000000000e+02 3.732000000000000000e+03 1.283900000000000000e+04
2.200000000000000000e+02 3.713000000000000000e+03 1.279600000000000000e+04
2.300000000000000000e+02 3.693500000000000000e+03 1.276600000000000000e+04
2.400000000000000000e+02 3.690000000000000000e+03 1.256600000000000000e+04
2.500000000000000000e+02 3.717000000000000000e+03 1.271400000000000000e+04
2.600000000000000000e+02 3.747000000000000000e+03 1.287400000000000000e+04
2.700000000000000000e+02 3.778500000000000000e+03 1.283900000000000000e+04
2.800000000000000000e+02 3.787500000000000000e+03 1.280600000000000000e+04
2.900000000000000000e+02 3.781500000000000000e+03 1.281100000000000000e+04
3.000000000000000000e+02 3.777000000000000000e+03 1.283300000000000000e+04
3.100000000000000000e+02 3.718000000000000000e+03 1.292800000000000000e+04
3.200000000000000000e+02 3.691500000000000000e+03 1.265800000000000000e+04
3.300000000000000000e+02 3.709000000000000000e+03 1.291500000000000000e+04
3.400000000000000000e+02 3.710000000000000000e+03 1.278600000000000000e+04
3.500000000000000000e+02 3.724000000000000000e+03 1.275600000000000000e+04
3.600000000000000000e+02 3.745000000000000000e+03 1.275400000000000000e+04
3.700000000000000000e+02 3.734000000000000000e+03 1.280000000000000000e+04
3.800000000000000000e+02 3.730500000000000000e+03 1.291600000000000000e+04
3.900000000000000000e+02 3.749000000000000000e+03 1.292900000000000000e+04
4.000000000000000000e+02 3.778000000000000000e+03 1.289400000000000000e+04
4.100000000000000000e+02 3.782500000000000000e+03 1.287100000000000000e+04
4.200000000000000000e+02 3.771500000000000000e+03 1.281400000000000000e+04
4.300000000000000000e+02 3.781000000000000000e+03 1.290500000000000000e+04
4.400000000000000000e+02 3.772500000000000000e+03 1.289500000000000000e+04
4.500000000000000000e+02 3.779000000000000000e+03 1.292400000000000000e+04
4.600000000000000000e+02 3.776000000000000000e+03 1.289400000000000000e+04
4.700000000000000000e+02 3.772500000000000000e+03 1.292600000000000000e+04
4.800000000000000000e+02 3.781000000000000000e+03 1.288900000000000000e+04
4.900000000000000000e+02 3.777500000000000000e+03 1.295100000000000000e+04
5.000000000000000000e+02 3.777000000000000000e+03 1.290200000000000000e+04
5.100000000000000000e+02 3.782000000000000000e+03 1.296200000000000000e+04
5.200000000000000000e+02 3.772500000000000000e+03 1.291600000000000000e+04
5.300000000000000000e+02 3.776000000000000000e+03 1.288200000000000000e+04
5.400000000000000000e+02 3.786500000000000000e+03 1.288500000000000000e+04
5.500000000000000000e+02 3.795000000000000000e+03 1.286400000000000000e+04
5.600000000000000000e+02 3.792500000000000000e+03 1.287000000000000000e+04
5.700000000000000000e+02 3.780000000000000000e+03 1.285700000000000000e+04
5.800000000000000000e+02 3.799000000000000000e+03 1.290100000000000000e+04
5.900000000000000000e+02 3.810500000000000000e+03 1.290600000000000000e+04
6.000000000000000000e+02 3.807500000000000000e+03 1.296800000000000000e+04
6.100000000000000000e+02 3.794000000000000000e+03 1.290600000000000000e+04
6.200000000000000000e+02 3.785000000000000000e+03 1.284000000000000000e+04
6.300000000000000000e+02 3.788500000000000000e+03 1.292500000000000000e+04
6.400000000000000000e+02 3.807500000000000000e+03 1.282100000000000000e+04
6.500000000000000000e+02 3.821500000000000000e+03 1.290300000000000000e+04
6.600000000000000000e+02 3.807500000000000000e+03 1.293700000000000000e+04
6.700000000000000000e+02 3.805500000000000000e+03 1.287200000000000000e+04
6.800000000000000000e+02 3.821500000000000000e+03 1.290500000000000000e+04
6.900000000000000000e+02 3.826500000000000000e+03 1.297000000000000000e+04
7.000000000000000000e+02 3.818000000000000000e+03 1.299400000000000000e+04
7.100000000000000000e+02 3.793000000000000000e+03 1.289800000000000000e+04
7.200000000000000000e+02 3.795500000000000000e+03 1.290800000000000000e+04
7.300000000000000000e+02 3.798000000000000000e+03 1.296300000000000000e+04
7.400000000000000000e+02 3.789500000000000000e+03 1.297500000000000000e+04
7.500000000000000000e+02 3.801500000000000000e+03 1.291000000000000000e+04
7.600000000000000000e+02 3.807000000000000000e+03 1.296700000000000000e+04
7.700000000000000000e+02 3.810500000000000000e+03 1.290000000000000000e+04
7.800000000000000000e+02 3.809000000000000000e+03 1.288900000000000000e+04
7.900000000000000000e+02 3.796500000000000000e+03 1.283000000000000000e+04
8.000000000000000000e+02 3.791000000000000000e+03 1.298100000000000000e+04
