0.000000000000000000e+00 0.000000000000000000e+00
1.000000000000000000e+01 0.000000000000000000e+00
2.000000000000000000e+01 7.625815223280900911e-04
3.000000000000000000e+01 2.366922923187835676e-03
4.000000000000000000e+01 5.533601113499283727e-03
5.000000000000000000e+01 9.998967034914416074e-03
6.000000000000000000e+01 1.580448701113854396e-02
7.000000000000000000e+01 2.240862894299694430e-02
8.000000000000000000e+01 2.737985010878856568e-02
9.000000000000000000e+01 2.975961717807245471e-02
1.000000000000000000e+02 3.294266263630635933e-02
1.100000000000000000e+02 3.851704144436470661e-02
1.200000000000000000e+02 4.598369206281828492e-02
1.300000000000000000e+02 5.439793001198348771e-02
1.400000000000000000e+02 6.207862936129381060e-02
1.500000000000000000e+02 6.978484034883541964e-02
1.600000000000000000e+02 7.797595053673135601e-02
1.700000000000000000e+02 8.622291120930697383e-02
1.800000000000000000e+02 9.306355794536173842e-02
1.900000000000000000e+02 9.798360299393707451e-02
2.000000000000000000e+02 1.034714685027487424e-01
2.100000000000000000e+02 1.089786683437802828e-01
2.200000000000000000e+02 1.122580967450854117e-01
2.300000000000000000e+02 1.154849949116510260e-01
2.400000000000000000e+02 1.195834591843948913e-01
2.500000000000000000e+02 1.234073462545197813e-01
2.600000000000000000e+02 1.279082439880867283e-01
2.700000000000000000e+02 1.315526771734879252e-01
2.800000000000000000e+02 1.336452155550756082e-01
2.900000000000000000e+02 1.354485112239492417e-01
3.000000000000000000e+02 1.382452404393364753e-01
3.100000000000000000e+02 1.428584248574406301e-01
3.200000000000000000e+02 1.478280855190819421e-01
3.300000000000000000e+02 1.529944835355002142e-01
3.400000000000000000e+02 1.579391421775875881e-01
3.500000000000000000e+02 1.611589841009075652e-01
3.600000000000000000e+02 1.630694102503861265e-01
3.700000000000000000e+02 1.646505648850314640e-01
3.800000000000000000e+02 1.664796716339398686e-01
3.900000000000000000e+02 1.687140842637368243e-01
4.000000000000000000e+02 1.703300025724408806e-01
4.100000000000000000e+02 1.715956295060165337e-01
4.200000000000000000e+02 1.727803724594895174e-01
4.300000000000000000e+02 1.737383534285968645e-01
4.400000000000000000e+02 1.746729288620005871e-01
4.500000000000000000e+02 1.752039170099712884e-01
4.600000000000000000e+02 1.757195124360214911e-01
4.700000000000000000e+02 1.769697958677645400e-01
4.800000000000000000e+02 1.781291847246965765e-01
4.900000000000000000e+02 1.780996409419402515e-01
5.000000000000000000e+02 1.781436100757334551e-01
5.100000000000000000e+02 1.788841273363004358e-01
5.200000000000000000e+02 1.794804284035200481e-01
5.300000000000000000e+02 1.798381386313609165e-01
5.400000000000000000e+02 1.799092480004630679e-01
5.500000000000000000e+02 1.797874143813503189e-01
5.600000000000000000e+02 1.796662294350090672e-01
5.700000000000000000e+02 1.798647242120579026e-01
5.800000000000000000e+02 1.802174825100663624e-01
5.900000000000000000e+02 1.801604001987854864e-01
6.000000000000000000e+02 1.803963338863099342e-01
6.100000000000000000e+02 1.812273523909695705e-01
6.200000000000000000e+02 1.820352629501889308e-01
6.300000000000000000e+02 1.826847002678385068e-01
6.400000000000000000e+02 1.833198010292669267e-01
6.500000000000000000e+02 1.837760593321834390e-01
6.600000000000000000e+02 1.838211816023911371e-01
6.700000000000000000e+02 1.838851369066065167e-01
6.800000000000000000e+02 1.838595636058521776e-01
6.900000000000000000e+02 1.840526965717491914e-01
7.000000000000000000e+02 1.841370622212583630e-01
7.100000000000000000e+02 1.834956946066965966e-01
7.200000000000000000e+02 1.833376175593327273e-01
7.300000000000000000e+02 1.842332573431010312e-01
7.400000000000000000e+02 1.852183381912592963e-01
7.500000000000000000e+02 1.853788084753032472e-01
7.600000000000000000e+02 1.855228899706043433e-01
7.700000000000000000e+02 1.855578997349420223e-01
7.800000000000000000e+02 1.852743227705569429e-01
7.900000000000000000e+02 1.851872778427851030e-01
8.000000000000000000e+02 1.852282091262809072e-01
