0.000000000000000000e+00 -5.164174062500000000e+05
1.000000000000000000e+01 -5.164184843750000000e+05
2.000000000000000000e+01 -5.160289062500000000e+05
3.000000000000000000e+01 -5.159140937500000000e+05
4.000000000000000000e+01 -5.161331406250000000e+05
5.000000000000000000e+01 -5.154045156250000000e+05
6.000000000000000000e+01 -5.148069375000000000e+05
7.000000000000000000e+01 -5.162019843750000000e+05
8.000000000000000000e+01 -5.177971406250000000e+05
9.000000000000000000e+01 -5.174190312500000000e+05
1.000000000000000000e+02 -5.169222500000000000e+05
1.100000000000000000e+02 -5.165186093750000000e+05
1.200000000000000000e+02 -5.162170781250000000e+05
1.300000000000000000e+02 -5.158977031250000000e+05
1.400000000000000000e+02 -5.154535468750000000e+05
1.500000000000000000e+02 -5.151762343750000000e+05
1.600000000000000000e+02 -5.149323281250000000e+05
1.700000000000000000e+02 -5.152707500000000000e+05
1.800000000000000000e+02 -5.154649843750000000e+05
1.900000000000000000e+02 -5.157592968750000000e+05
2.000000000000000000e+02 -5.169018750000000000e+05
2.100000000000000000e+02 -5.177565625000000000e+05
2.200000000000000000e+02 -5.181850937500000000e+05
2.300000000000000000e+02 -5.181044375000000000e+05
2.400000000000000000e+02 -5.177419218750000000e+05
2.500000000000000000e+02 -5.182536875000000000e+05
2.600000000000000000e+02 -5.191205156250000000e+05
2.700000000000000000e+02 -5.201081718750000000e+05
2.800000000000000000e+02 -5.208567656250000000e+05
2.900000000000000000e+02 -5.210547812500000000e+05
3.000000000000000000e+02 -5.208259687500000000e+05
3.100000000000000000e+02 -5.201581718750000000e+05
3.200000000000000000e+02 -5.192050156250000000e+05
3.300000000000000000e+02 -5.192952500000000000e+05
3.400000000000000000e+02 -5.199934062500000000e+05
3.500000000000000000e+02 -5.203816875000000000e+05
3.600000000000000000e+02 -5.205903281250000000e+05
3.700000000000000000e+02 -5.206477656250000000e+05
3.800000000000000000e+02 -5.209683750000000000e+05
3.900000000000000000e+02 -5.215961093750000000e+05
4.000000000000000000e+02 -5.223451093750000000e+05
4.100000000000000000e+02 -5.226236406250000000e+05
4.200000000000000000e+02 -5.225532656250000000e+05
4.300000000000000000e+02 -5.227586875000000000e+05
4.400000000000000000e+02 -5.229192343750000000e+05
4.500000000000000000e+02 -5.229101562500000000e+05
4.600000000000000000e+02 -5.228069531250000000e+05
4.700000000000000000e+02 -5.232863437500000000e+05
4.800000000000000000e+02 -5.232390625000000000e+05
4.900000000000000000e+02 -5.230216718750000000e+05
5.000000000000000000e+02 -5.233757031250000000e+05
5.100000000000000000e+02 -5.233697343750000000e+05
5.200000000000000000e+02 -5.236806093750000000e+05
5.300000000000000000e+02 -5.239581250000000000e+05
5.400000000000000000e+02 -5.241662500000000000e+05
5.500000000000000000e+02 -5.243216562500000000e+05
5.600000000000000000e+02 -5.241099843750000000e+05
5.700000000000000000e+02 -5.243003281250000000e+05
5.800000000000000000e+02 -5.243995625000000000e+05
5.900000000000000000e+02 -5.245108437500000000e+05
6.000000000000000000e+02 -5.250922500000000000e+05
6.100000000000000000e+02 -5.249792500000000000e+05
6.200000000000000000e+02 -5.246099687500000000e+05
6.300000000000000000e+02 -5.242722187500000000e+05
6.400000000000000000e+02 -5.241997812500000000e+05
6.500000000000000000e+02 -5.243437031250000000e+05
6.600000000000000000e+02 -5.241301718750000000e+05
6.700000000000000000e+02 -5.240632031250000000e+05
6.800000000000000000e+02 -5.241387343750000000e+05
6.900000000000000000e+02 -5.245397812500000000e+05
7.000000000000000000e+02 -5.246930312500000000e+05
7.100000000000000000e+02 -5.240686718750000000e+05
7.200000000000000000e+02 -5.241025781250000000e+05
7.300000000000000000e+02 -5.241807968750000000e+05
7.400000000000000000e+02 -5.240896406250000000e+05
7.500000000000000000e+02 -5.241804062500000000e+05
7.600000000000000000e+02 -5.241981250000000000e+05
7.700000000000000000e+02 -5.242867031250000000e+05
7.800000000000000000e+02 -5.243240156250000000e+05
7.900000000000000000e+02 -5.246675000000000000e+05
8.000000000000000000e+02 -5.245370937500000000e+05
