0.000000000000000000e+00 -6.152285937500000000e+04
1.000000000000000000e+01 -6.163946093799999653e+04
2.000000000000000000e+01 -6.163796875000000000e+04
3.000000000000000000e+01 -6.090144140599999810e+04
4.000000000000000000e+01 -6.050732031200000347e+04
5.000000000000000000e+01 -6.001613281200000347e+04
6.000000000000000000e+01 -6.041855859400000190e+04
7.000000000000000000e+01 -6.055525781200000347e+04
8.000000000000000000e+01 -6.102778906200000347e+04
9.000000000000000000e+01 -6.086707031200000347e+04
1.000000000000000000e+02 -6.062014453099999810e+04
1.100000000000000000e+02 -6.045694531200000347e+04
1.200000000000000000e+02 -6.032172656200000347e+04
1.300000000000000000e+02 -6.019759375000000000e+04
1.400000000000000000e+02 -6.042460546900000190e+04
1.500000000000000000e+02 -5.962575781200000347e+04
1.600000000000000000e+02 -5.889553906200000347e+04
1.700000000000000000e+02 -5.783058593799999653e+04
1.800000000000000000e+02 -5.828297265599999810e+04
1.900000000000000000e+02 -5.777534375000000000e+04
2.000000000000000000e+02 -5.839779296900000190e+04
2.100000000000000000e+02 -5.889421093799999653e+04
2.200000000000000000e+02 -5.851106250000000000e+04
2.300000000000000000e+02 -5.932961718799999653e+04
2.400000000000000000e+02 -5.878037890599999810e+04
2.500000000000000000e+02 -5.791113671900000190e+04
2.600000000000000000e+02 -5.755204687500000000e+04
2.700000000000000000e+02 -5.771951953099999810e+04
2.800000000000000000e+02 -5.773346875000000000e+04
2.900000000000000000e+02 -5.854770312500000000e+04
3.000000000000000000e+02 -5.831825390599999810e+04
3.100000000000000000e+02 -5.839813281200000347e+04
3.200000000000000000e+02 -5.870417187500000000e+04
3.300000000000000000e+02 -5.774779296900000190e+04
3.400000000000000000e+02 -5.726202343799999653e+04
3.500000000000000000e+02 -5.735778906200000347e+04
3.600000000000000000e+02 -5.672447656200000347e+04
3.700000000000000000e+02 -5.708305859400000190e+04
3.800000000000000000e+02 -5.639202734400000190e+04
3.900000000000000000e+02 -5.648093359400000190e+04
4.000000000000000000e+02 -5.674931250000000000e+04
4.100000000000000000e+02 -5.733794531200000347e+04
4.200000000000000000e+02 -5.765454296900000190e+04
4.300000000000000000e+02 -5.759385937500000000e+04
4.400000000000000000e+02 -5.761419140599999810e+04
4.500000000000000000e+02 -5.739389843799999653e+04
4.600000000000000000e+02 -5.768438671900000190e+04
4.700000000000000000e+02 -5.756021093799999653e+04
4.800000000000000000e+02 -5.706516796900000190e+04
4.900000000000000000e+02 -5.742655468799999653e+04
5.000000000000000000e+02 -5.751254296900000190e+04
5.100000000000000000e+02 -5.772937500000000000e+04
5.200000000000000000e+02 -5.691346875000000000e+04
5.300000000000000000e+02 -5.722519140599999810e+04
5.400000000000000000e+02 -5.759843750000000000e+04
5.500000000000000000e+02 -5.740107031200000347e+04
5.600000000000000000e+02 -5.689518750000000000e+04
5.700000000000000000e+02 -5.737345312500000000e+04
5.800000000000000000e+02 -5.748488671900000190e+04
5.900000000000000000e+02 -5.745733593799999653e+04
6.000000000000000000e+02 -5.726057812500000000e+04
6.100000000000000000e+02 -5.701871093799999653e+04
6.200000000000000000e+02 -5.697581640599999810e+04
6.300000000000000000e+02 -5.711255468799999653e+04
6.400000000000000000e+02 -5.759258984400000190e+04
6.500000000000000000e+02 -5.727395703099999810e+04
6.600000000000000000e+02 -5.722081250000000000e+04
6.700000000000000000e+02 -5.748849609400000190e+04
6.800000000000000000e+02 -5.692773437500000000e+04
6.900000000000000000e+02 -5.719305468799999653e+04
7.000000000000000000e+02 -5.700316796900000190e+04
7.100000000000000000e+02 -5.753082031200000347e+04
7.200000000000000000e+02 -5.756584375000000000e+04
7.300000000000000000e+02 -5.700758984400000190e+04
7.400000000000000000e+02 -5.711093359400000190e+04
7.500000000000000000e+02 -5.731586718799999653e+04
7.600000000000000000e+02 -5.737355078099999810e+04
7.700000000000000000e+02 -5.709803515599999810e+04
7.800000000000000000e+02 -5.735290234400000190e+04
7.900000000000000000e+02 -5.749349218799999653e+04
8.000000000000000000e+02 -5.672550000000000000e+04
