0.000000000000000000e+00 -5.164174062500000000e+05
1.000000000000000000e+01 -5.164195625000000000e+05
2.000000000000000000e+01 -5.156382500000000000e+05
3.000000000000000000e+01 -5.161899375000000000e+05
4.000000000000000000e+01 -5.160763437500000000e+05
5.000000000000000000e+01 -5.147326875000000000e+05
6.000000000000000000e+01 -5.148811875000000000e+05
7.000000000000000000e+01 -5.175227812500000000e+05
8.000000000000000000e+01 -5.180715000000000000e+05
9.000000000000000000e+01 -5.167665625000000000e+05
1.000000000000000000e+02 -5.170779375000000000e+05
1.100000000000000000e+02 -5.159592812500000000e+05
1.200000000000000000e+02 -5.164748750000000000e+05
1.300000000000000000e+02 -5.153205312500000000e+05
1.400000000000000000e+02 -5.155865625000000000e+05
1.500000000000000000e+02 -5.147659062500000000e+05
1.600000000000000000e+02 -5.150987500000000000e+05
1.700000000000000000e+02 -5.154427500000000000e+05
1.800000000000000000e+02 -5.154872187500000000e+05
1.900000000000000000e+02 -5.160313750000000000e+05
2.000000000000000000e+02 -5.177723750000000000e+05
2.100000000000000000e+02 -5.177407500000000000e+05
2.200000000000000000e+02 -5.186294375000000000e+05
2.300000000000000000e+02 -5.175794375000000000e+05
2.400000000000000000e+02 -5.179044062500000000e+05
2.500000000000000000e+02 -5.186029687500000000e+05
2.600000000000000000e+02 -5.196380625000000000e+05
2.700000000000000000e+02 -5.205782812500000000e+05
2.800000000000000000e+02 -5.211352500000000000e+05
2.900000000000000000e+02 -5.209743125000000000e+05
3.000000000000000000e+02 -5.206776250000000000e+05
3.100000000000000000e+02 -5.196387187500000000e+05
3.200000000000000000e+02 -5.187713125000000000e+05
3.300000000000000000e+02 -5.198191875000000000e+05
3.400000000000000000e+02 -5.201676250000000000e+05
3.500000000000000000e+02 -5.205957500000000000e+05
3.600000000000000000e+02 -5.205849062500000000e+05
3.700000000000000000e+02 -5.207106250000000000e+05
3.800000000000000000e+02 -5.212261250000000000e+05
3.900000000000000000e+02 -5.219660937500000000e+05
4.000000000000000000e+02 -5.227241250000000000e+05
4.100000000000000000e+02 -5.225231562500000000e+05
4.200000000000000000e+02 -5.225833750000000000e+05
4.300000000000000000e+02 -5.229340000000000000e+05
4.400000000000000000e+02 -5.229044687500000000e+05
4.500000000000000000e+02 -5.229158437500000000e+05
4.600000000000000000e+02 -5.226980625000000000e+05
4.700000000000000000e+02 -5.238746250000000000e+05
4.800000000000000000e+02 -5.226035000000000000e+05
4.900000000000000000e+02 -5.234398437500000000e+05
5.000000000000000000e+02 -5.233115625000000000e+05
5.100000000000000000e+02 -5.234279062500000000e+05
5.200000000000000000e+02 -5.239333125000000000e+05
5.300000000000000000e+02 -5.239829375000000000e+05
5.400000000000000000e+02 -5.243495625000000000e+05
5.500000000000000000e+02 -5.242937500000000000e+05
5.600000000000000000e+02 -5.239262187500000000e+05
5.700000000000000000e+02 -5.246744375000000000e+05
5.800000000000000000e+02 -5.241246875000000000e+05
5.900000000000000000e+02 -5.248970000000000000e+05
6.000000000000000000e+02 -5.252875000000000000e+05
6.100000000000000000e+02 -5.246710000000000000e+05
6.200000000000000000e+02 -5.245489375000000000e+05
6.300000000000000000e+02 -5.239955000000000000e+05
6.400000000000000000e+02 -5.244040625000000000e+05
6.500000000000000000e+02 -5.242833437500000000e+05
6.600000000000000000e+02 -5.239770000000000000e+05
6.700000000000000000e+02 -5.241494062500000000e+05
6.800000000000000000e+02 -5.241280625000000000e+05
6.900000000000000000e+02 -5.249515000000000000e+05
7.000000000000000000e+02 -5.244345625000000000e+05
7.100000000000000000e+02 -5.237027812500000000e+05
7.200000000000000000e+02 -5.245023750000000000e+05
7.300000000000000000e+02 -5.238592187500000000e+05
7.400000000000000000e+02 -5.243200625000000000e+05
7.500000000000000000e+02 -5.240407500000000000e+05
7.600000000000000000e+02 -5.243555000000000000e+05
7.700000000000000000e+02 -5.242179062500000000e+05
7.800000000000000000e+02 -5.244301250000000000e+05
7.900000000000000000e+02 -5.249048750000000000e+05
8.000000000000000000e+02 -5.241693125000000000e+05
