0.000000000000000000e+00 -3.168345640000000003e+02
1.000000000000000000e+01 -9.916663819999999987e+02
2.000000000000000000e+01 -2.182907470999999987e+03
3.000000000000000000e+01 -2.677486571999999796e+03
4.000000000000000000e+01 -3.862710449000000153e+03
5.000000000000000000e+01 -4.387901855000000069e+03
6.000000000000000000e+01 -3.477512451000000056e+03
7.000000000000000000e+01 -7.810091549999999643e+02
8.000000000000000000e+01 -2.402132324000000153e+03
9.000000000000000000e+01 -3.084579345999999987e+03
1.000000000000000000e+02 -5.241017577999999958e+03
1.100000000000000000e+02 -5.354971190999999635e+03
1.200000000000000000e+02 -4.604504882999999609e+03
1.300000000000000000e+02 -5.053309081999999762e+03
1.400000000000000000e+02 -5.137864746000000196e+03
1.500000000000000000e+02 -5.521517090000000280e+03
1.600000000000000000e+02 -4.447387695000000349e+03
1.700000000000000000e+02 -2.640647461000000021e+03
1.800000000000000000e+02 -3.967136962999999923e+03
1.900000000000000000e+02 -3.650047118999999839e+03
2.000000000000000000e+02 -1.277374512000000095e+03
2.100000000000000000e+02 -2.384693847999999889e+03
2.200000000000000000e+02 -2.895438231999999971e+03
2.300000000000000000e+02 -1.914498413000000028e+03
2.400000000000000000e+02 -3.831017334000000119e+03
2.500000000000000000e+02 -1.693802856000000020e+03
2.600000000000000000e+02 -1.578502807999999959e+03
2.700000000000000000e+02 -6.860471189999999524e+02
2.800000000000000000e+02 -1.866604736000000003e+03
2.900000000000000000e+02 -3.049435058999999910e+03
3.000000000000000000e+02 -3.041506104000000050e+03
3.100000000000000000e+02 -3.384333740000000034e+03
3.200000000000000000e+02 -3.543701172000000042e+03
3.300000000000000000e+02 -1.768489379999999983e+03
3.400000000000000000e+02 -1.245179442999999992e+03
3.500000000000000000e+02 -8.340390619999999444e+02
3.600000000000000000e+02 -1.174086913999999979e+03
3.700000000000000000e+02 -1.618931029999999964e+03
3.800000000000000000e+02 -7.246216429999999491e+02
3.900000000000000000e+02 -1.022872375000000034e+03
4.000000000000000000e+02 -6.518336180000000013e+02
4.100000000000000000e+02 -6.389144290000000410e+02
4.200000000000000000e+02 -7.091304930000000013e+02
4.300000000000000000e+02 -2.483991090000000099e+02
4.400000000000000000e+02 -1.722626950000000079e+02
4.500000000000000000e+02 -9.219487299999999550e+02
4.600000000000000000e+02 -1.026649535999999898e+03
4.700000000000000000e+02 3.822365419999999858e+02
4.800000000000000000e+02 -1.722814639999999997e+02
4.900000000000000000e+02 -4.269078670000000102e+02
5.000000000000000000e+02 -3.832271729999999934e+02
5.100000000000000000e+02 -2.628118590000000268e+02
5.200000000000000000e+02 1.253756100000000018e+01
5.300000000000000000e+02 4.136882800000000060e+01
5.400000000000000000e+02 1.870594330000000127e+02
5.500000000000000000e+02 -1.713975519999999904e+02
5.600000000000000000e+02 -4.150214230000000271e+02
5.700000000000000000e+02 2.783231200000000172e+02
5.800000000000000000e+02 -2.746683039999999778e+02
5.900000000000000000e+02 -4.795803530000000023e+02
6.000000000000000000e+02 -5.831082149999999729e+02
6.100000000000000000e+02 -3.365786439999999970e+02
6.200000000000000000e+02 -4.894244080000000281e+02
6.300000000000000000e+02 -3.139050599999999918e+02
6.400000000000000000e+02 1.839571530000000052e+02
6.500000000000000000e+02 -2.746092219999999884e+02
6.600000000000000000e+02 3.504613650000000007e+02
6.700000000000000000e+02 -4.117980039999999917e+02
6.800000000000000000e+02 -5.882806399999999769e+01
6.900000000000000000e+02 5.417238770000000159e+02
7.000000000000000000e+02 1.252079240000000055e+02
7.100000000000000000e+02 -6.126040649999999914e+02
7.200000000000000000e+02 -9.224201659999999947e+02
7.300000000000000000e+02 2.703724669999999719e+02
7.400000000000000000e+02 -5.034537349999999947e+02
7.500000000000000000e+02 3.056318969999999808e+02
7.600000000000000000e+02 3.456262199999999751e+01
7.700000000000000000e+02 2.482306059999999945e+02
7.800000000000000000e+02 -3.037282710000000066e+02
7.900000000000000000e+02 3.239888609999999858e+02
8.000000000000000000e+02 -1.445520170000000064e+02
