0.000000000000000000e+00 3.650030000000000108e+00
6.000000000000000000e+00 3.710030000000000161e+00
1.200000000000000000e+01 3.770030000000000214e+00
1.800000000000000000e+01 3.830029999999999824e+00
2.400000000000000000e+01 3.890029999999999877e+00
3.000000000000000000e+01 3.950029999999999930e+00
3.600000000000000000e+01 4.010030000000000427e+00
4.200000000000000000e+01 4.070030000000000037e+00
4.800000000000000000e+01 4.130029999999999646e+00
5.400000000000000000e+01 4.190030000000000143e+00
6.000000000000000000e+01 4.250029999999999752e+00
6.600000000000000000e+01 4.310030000000000250e+00
7.200000000000000000e+01 4.370029999999999859e+00
7.800000000000000000e+01 4.430030000000000356e+00
8.400000000000000000e+01 4.490029999999999966e+00
9.000000000000000000e+01 4.550029999999999575e+00
9.600000000000000000e+01 4.610030000000000072e+00
1.020000000000000000e+02 4.670029999999999681e+00
1.080000000000000000e+02 4.730030000000000179e+00
1.140000000000000000e+02 4.790029999999999788e+00
1.200000000000000000e+02 4.850030000000000285e+00
1.260000000000000000e+02 4.910029999999999895e+00
1.320000000000000000e+02 4.970030000000000392e+00
1.380000000000000000e+02 5.030030000000000001e+00
1.440000000000000000e+02 5.090029999999999610e+00
1.500000000000000000e+02 5.150030000000000108e+00
1.560000000000000000e+02 5.210029999999999717e+00
1.620000000000000000e+02 5.270030000000000214e+00
1.680000000000000000e+02 5.330029999999999824e+00
1.740000000000000000e+02 5.390030000000000321e+00
1.800000000000000000e+02 5.450029999999999930e+00
1.860000000000000000e+02 5.510030000000000427e+00
1.920000000000000000e+02 5.570030000000000037e+00
1.980000000000000000e+02 5.630029999999999646e+00
2.040000000000000000e+02 5.690030000000000143e+00
2.100000000000000000e+02 5.750029999999999752e+00
2.160000000000000000e+02 5.810030000000000250e+00
2.220000000000000000e+02 5.870029999999999859e+00
2.280000000000000000e+02 5.930030000000000356e+00
2.340000000000000000e+02 5.990029999999999966e+00
2.400000000000000000e+02 6.050029999999999575e+00
2.460000000000000000e+02 6.110030000000000072e+00
2.520000000000000000e+02 6.170029999999999681e+00
2.580000000000000000e+02 6.230030000000000179e+00
2.640000000000000000e+02 6.290029999999999788e+00
2.700000000000000000e+02 6.350030000000000285e+00
2.760000000000000000e+02 6.410029999999999895e+00
2.820000000000000000e+02 6.470030000000000392e+00
2.880000000000000000e+02 6.530030000000000001e+00
2.940000000000000000e+02 6.590029999999999610e+00
3.000000000000000000e+02 6.650030000000000108e+00
3.060000000000000000e+02 6.710029999999999717e+00
3.120000000000000000e+02 6.770030000000000214e+00
3.180000000000000000e+02 6.830029999999999824e+00
3.240000000000000000e+02 6.890030000000000321e+00
3.300000000000000000e+02 6.950029999999999930e+00
3.360000000000000000e+02 7.010030000000000427e+00
3.420000000000000000e+02 7.070030000000000037e+00
3.480000000000000000e+02 7.130029999999999646e+00
3.540000000000000000e+02 7.190030000000000143e+00
3.600000000000000000e+02 7.250029999999999752e+00
3.660000000000000000e+02 7.310030000000000250e+00
3.720000000000000000e+02 7.370029999999999859e+00
3.780000000000000000e+02 7.430030000000000356e+00
3.840000000000000000e+02 7.490029999999999966e+00
3.900000000000000000e+02 7.550029999999999575e+00
3.960000000000000000e+02 7.610030000000000072e+00
4.020000000000000000e+02 7.670029999999999681e+00
4.080000000000000000e+02 7.730030000000000179e+00
4.140000000000000000e+02 7.790029999999999788e+00
4.200000000000000000e+02 7.850030000000000285e+00
4.260000000000000000e+02 7.910029999999999895e+00
4.320000000000000000e+02 7.970030000000000392e+00
4.380000000000000000e+02 8.030030000000000001e+00
4.440000000000000000e+02 8.090030000000000499e+00
4.500000000000000000e+02 8.150029999999999220e+00
4.560000000000000000e+02 8.210029999999999717e+00
4.620000000000000000e+02 8.270030000000000214e+00
4.680000000000000000e+02 8.330028999999999684e+00
4.740000000000000000e+02 8.390029999999999433e+00
4.800000000000000000e+02 8.450029000000000678e+00
4.860000000000000000e+02 8.510030000000000427e+00
4.920000000000000000e+02 8.570029999999999148e+00
4.980000000000000000e+02 8.630029999999999646e+00
5.040000000000000000e+02 8.690030000000000143e+00
5.100000000000000000e+02 8.750030000000000641e+00
5.160000000000000000e+02 8.810029999999999362e+00
5.220000000000000000e+02 8.870029000000000607e+00
5.280000000000000000e+02 8.930030000000000356e+00
5.340000000000000000e+02 8.990028999999999826e+00
5.400000000000000000e+02 9.050029999999999575e+00
5.460000000000000000e+02 9.110030000000000072e+00
5.520000000000000000e+02 9.170030000000000570e+00
5.580000000000000000e+02 9.230029999999999291e+00
5.640000000000000000e+02 9.290029999999999788e+00
5.700000000000000000e+02 9.350030000000000285e+00
5.760000000000000000e+02 9.410028999999999755e+00
5.820000000000000000e+02 9.470029999999999504e+00
5.880000000000000000e+02 9.530029000000000750e+00
5.940000000000000000e+02 9.590030000000000499e+00
6.000000000000000000e+02 9.650029999999999220e+00
6.060000000000000000e+02 9.710029999999999717e+00
6.120000000000000000e+02 9.770030000000000214e+00
6.180000000000000000e+02 9.830028999999999684e+00
6.240000000000000000e+02 9.890029999999999433e+00
6.300000000000000000e+02 9.950029000000000678e+00
6.360000000000000000e+02 1.001003000000000043e+01
6.400000000000000000e+02 1.005002999999999957e+01
