0.000000000000000000e+00 3.980999999999999817e-02
1.000000000000000000e+01 4.476999999999999730e-02
2.000000000000000000e+01 4.597960000000000241e-02
3.000000000000000000e+01 4.526909999999999962e-02
4.000000000000000000e+01 4.671600000000000058e-02
5.000000000000000000e+01 4.592829999999999829e-02
6.000000000000000000e+01 4.551170000000000215e-02
7.000000000000000000e+01 4.622960000000000264e-02
8.000000000000000000e+01 4.622930000000000095e-02
9.000000000000000000e+01 4.561590000000000089e-02
1.000000000000000000e+02 4.582259999999999805e-02
