0.000000000000000000e+00 2.335279999999999995e-02
1.000000000000000000e+01 3.344740000000000213e-02
2.000000000000000000e+01 3.377020000000000022e-02
3.000000000000000000e+01 3.396760000000000057e-02
4.000000000000000000e+01 3.382899999999999796e-02
5.000000000000000000e+01 3.440309999999999896e-02
6.000000000000000000e+01 3.414169999999999705e-02
7.000000000000000000e+01 3.460200000000000081e-02
8.000000000000000000e+01 3.409609999999999724e-02
9.000000000000000000e+01 3.405650000000000344e-02
1.000000000000000000e+02 3.431730000000000197e-02
