0.000000000000000000e+00 4.582239999999999924e-02
1.000000000000000000e+01 5.290099999999999664e-02
2.000000000000000000e+01 5.198080000000000062e-02
3.000000000000000000e+01 5.420529999999999793e-02
4.000000000000000000e+01 5.361470000000000125e-02
5.000000000000000000e+01 5.430829999999999685e-02
6.000000000000000000e+01 5.438780000000000003e-02
7.000000000000000000e+01 5.388099999999999834e-02
8.000000000000000000e+01 5.456690000000000151e-02
9.000000000000000000e+01 5.360489999999999700e-02
1.000000000000000000e+02 5.338210000000000177e-02
1.100000000000000000e+02 5.452259999999999746e-02
1.200000000000000000e+02 5.389019999999999921e-02
1.300000000000000000e+02 5.587879999999999930e-02
1.400000000000000000e+02 5.687890000000000307e-02
1.500000000000000000e+02 5.481889999999999680e-02
1.600000000000000000e+02 5.354119999999999713e-02
1.700000000000000000e+02 5.508190000000000308e-02
1.800000000000000000e+02 5.505619999999999958e-02
1.900000000000000000e+02 5.453349999999999864e-02
2.000000000000000000e+02 5.585249999999999937e-02
