0.000000000000000000e+00 3.431719999999999909e-02
1.000000000000000000e+01 3.980270000000000336e-02
2.000000000000000000e+01 4.023929999999999868e-02
3.000000000000000000e+01 3.998920000000000252e-02
4.000000000000000000e+01 4.016829999999999706e-02
5.000000000000000000e+01 4.056459999999999927e-02
6.000000000000000000e+01 4.055219999999999658e-02
7.000000000000000000e+01 3.983479999999999660e-02
8.000000000000000000e+01 4.008960000000000301e-02
9.000000000000000000e+01 4.023680000000000312e-02
1.000000000000000000e+02 3.981040000000000273e-02
