0.000000000000000000e+00 -1.471091406250000000e+05
6.000000000000000000e+00 -1.474740937500000000e+05
1.200000000000000000e+01 -1.475239843750000000e+05
1.800000000000000000e+01 -1.476229322916666570e+05
2.400000000000000000e+01 -1.473914322916666570e+05
3.000000000000000000e+01 -1.472475625000000000e+05
3.600000000000000000e+01 -1.471428437500000000e+05
4.200000000000000000e+01 -1.469250260416666570e+05
4.800000000000000000e+01 -1.464893697916666570e+05
5.400000000000000000e+01 -1.462901822916666570e+05
6.000000000000000000e+01 -1.460004635416666570e+05
6.600000000000000000e+01 -1.458161458333333430e+05
7.200000000000000000e+01 -1.454425572916666570e+05
7.800000000000000000e+01 -1.452397812500000000e+05
8.400000000000000000e+01 -1.452098020833333430e+05
9.000000000000000000e+01 -1.451852708333333430e+05
9.600000000000000000e+01 -1.454109843750000000e+05
1.020000000000000000e+02 -1.454805000000000000e+05
1.080000000000000000e+02 -1.455818958333333430e+05
1.140000000000000000e+02 -1.456250781250000000e+05
1.200000000000000000e+02 -1.457251406250000000e+05
1.260000000000000000e+02 -1.456998177083333430e+05
1.320000000000000000e+02 -1.455009895833333430e+05
1.380000000000000000e+02 -1.452602656250000000e+05
1.440000000000000000e+02 -1.449656041666666570e+05
1.500000000000000000e+02 -1.448813437500000000e+05
1.560000000000000000e+02 -1.449262500000000000e+05
1.620000000000000000e+02 -1.449214843750000000e+05
1.680000000000000000e+02 -1.448333958333333430e+05
1.740000000000000000e+02 -1.446586406250000000e+05
1.800000000000000000e+02 -1.446158125000000000e+05
1.860000000000000000e+02 -1.445809947916666570e+05
1.920000000000000000e+02 -1.445783072916666570e+05
1.980000000000000000e+02 -1.447257343750000000e+05
2.040000000000000000e+02 -1.448057656250000000e+05
2.100000000000000000e+02 -1.450034427083333430e+05
2.160000000000000000e+02 -1.450938750000000000e+05
2.220000000000000000e+02 -1.451990625000000000e+05
2.280000000000000000e+02 -1.452111666666666570e+05
2.340000000000000000e+02 -1.450866979166666570e+05
2.400000000000000000e+02 -1.451104375000000000e+05
2.460000000000000000e+02 -1.451336822916666570e+05
2.520000000000000000e+02 -1.452434947916666570e+05
2.580000000000000000e+02 -1.450948593750000000e+05
2.640000000000000000e+02 -1.451578333333333430e+05
2.700000000000000000e+02 -1.451566197916666570e+05
2.760000000000000000e+02 -1.451940833333333430e+05
2.820000000000000000e+02 -1.449728541666666570e+05
2.880000000000000000e+02 -1.449781510416666570e+05
2.940000000000000000e+02 -1.449305625000000000e+05
3.000000000000000000e+02 -1.451223125000000000e+05
3.060000000000000000e+02 -1.452431614583333430e+05
3.120000000000000000e+02 -1.452471302083333430e+05
3.180000000000000000e+02 -1.452054218750000000e+05
3.240000000000000000e+02 -1.452845677083333430e+05
3.300000000000000000e+02 -1.456002135416666570e+05
3.360000000000000000e+02 -1.458345208333333430e+05
3.420000000000000000e+02 -1.458485625000000000e+05
3.480000000000000000e+02 -1.459666041666666570e+05
3.540000000000000000e+02 -1.458550416666666570e+05
3.600000000000000000e+02 -1.458971197916666570e+05
3.660000000000000000e+02 -1.458123437500000000e+05
3.720000000000000000e+02 -1.458753437500000000e+05
3.780000000000000000e+02 -1.457643802083333430e+05
3.840000000000000000e+02 -1.457130520833333430e+05
3.900000000000000000e+02 -1.457205989583333430e+05
3.960000000000000000e+02 -1.457079270833333430e+05
4.020000000000000000e+02 -1.457740625000000000e+05
4.080000000000000000e+02 -1.457318750000000000e+05
4.140000000000000000e+02 -1.457968125000000000e+05
4.200000000000000000e+02 -1.457600208333333430e+05
4.260000000000000000e+02 -1.457963125000000000e+05
4.320000000000000000e+02 -1.457838645833333430e+05
4.380000000000000000e+02 -1.457941562500000000e+05
4.440000000000000000e+02 -1.456456145833333430e+05
4.500000000000000000e+02 -1.456608385416666570e+05
4.560000000000000000e+02 -1.457684062500000000e+05
4.620000000000000000e+02 -1.459707447916666570e+05
4.680000000000000000e+02 -1.461324218750000000e+05
4.740000000000000000e+02 -1.461591979166666570e+05
4.800000000000000000e+02 -1.462903281250000000e+05
4.860000000000000000e+02 -1.463703385416666570e+05
4.920000000000000000e+02 -1.463009947916666570e+05
4.980000000000000000e+02 -1.462535937500000000e+05
5.040000000000000000e+02 -1.462443854166666570e+05
5.100000000000000000e+02 -1.462820625000000000e+05
5.160000000000000000e+02 -1.462032135416666570e+05
5.220000000000000000e+02 -1.461670885416666570e+05
5.280000000000000000e+02 -1.462904739583333430e+05
5.340000000000000000e+02 -1.463448750000000000e+05
5.400000000000000000e+02 -1.461529114583333430e+05
5.460000000000000000e+02 -1.460572343750000000e+05
5.520000000000000000e+02 -1.460684010416666570e+05
5.580000000000000000e+02 -1.463106041666666570e+05
5.640000000000000000e+02 -1.464203281250000000e+05
5.700000000000000000e+02 -1.464253437500000000e+05
5.760000000000000000e+02 -1.463403906250000000e+05
5.820000000000000000e+02 -1.461415156250000000e+05
5.880000000000000000e+02 -1.460626093750000000e+05
5.940000000000000000e+02 -1.459485833333333430e+05
6.000000000000000000e+02 -1.461416927083333430e+05
6.060000000000000000e+02 -1.462203125000000000e+05
6.120000000000000000e+02 -1.461619635416666570e+05
6.180000000000000000e+02 -1.460432708333333430e+05
6.240000000000000000e+02 -1.460134010416666570e+05
6.300000000000000000e+02 -1.461297135416666570e+05
6.360000000000000000e+02 -1.460945520833333430e+05
