0.000000000000000000e+00 1.153000000000000000e+03 3.500000000000000000e+03
6.000000000000000000e+00 1.159000000000000000e+03 3.462000000000000000e+03
1.200000000000000000e+01 1.156000000000000000e+03 3.470000000000000000e+03
1.800000000000000000e+01 1.154000000000000000e+03 3.522000000000000000e+03
2.400000000000000000e+01 1.149000000000000000e+03 3.522000000000000000e+03
3.000000000000000000e+01 1.147333333333333258e+03 3.522000000000000000e+03
3.600000000000000000e+01 1.145000000000000000e+03 3.505000000000000000e+03
4.200000000000000000e+01 1.133333333333333258e+03 3.528000000000000000e+03
4.800000000000000000e+01 1.120666666666666742e+03 3.524000000000000000e+03
5.400000000000000000e+01 1.113000000000000000e+03 3.456000000000000000e+03
6.000000000000000000e+01 1.102666666666666742e+03 3.468000000000000000e+03
6.600000000000000000e+01 1.100333333333333258e+03 3.465000000000000000e+03
7.200000000000000000e+01 1.088333333333333258e+03 3.433000000000000000e+03
7.800000000000000000e+01 1.091333333333333258e+03 3.423000000000000000e+03
8.400000000000000000e+01 1.089666666666666742e+03 3.517000000000000000e+03
9.000000000000000000e+01 1.094666666666666742e+03 3.569000000000000000e+03
9.600000000000000000e+01 1.095000000000000000e+03 3.555000000000000000e+03
1.020000000000000000e+02 1.094666666666666742e+03 3.568000000000000000e+03
1.080000000000000000e+02 1.094000000000000000e+03 3.546000000000000000e+03
1.140000000000000000e+02 1.091333333333333258e+03 3.559000000000000000e+03
1.200000000000000000e+02 1.090000000000000000e+03 3.571000000000000000e+03
1.260000000000000000e+02 1.085333333333333258e+03 3.553000000000000000e+03
1.320000000000000000e+02 1.083666666666666742e+03 3.547000000000000000e+03
1.380000000000000000e+02 1.080666666666666742e+03 3.553000000000000000e+03
1.440000000000000000e+02 1.086000000000000000e+03 3.526000000000000000e+03
1.500000000000000000e+02 1.089333333333333258e+03 3.543000000000000000e+03
1.560000000000000000e+02 1.096666666666666742e+03 3.544000000000000000e+03
1.620000000000000000e+02 1.093333333333333258e+03 3.531000000000000000e+03
1.680000000000000000e+02 1.092000000000000000e+03 3.512000000000000000e+03
1.740000000000000000e+02 1.088000000000000000e+03 3.508000000000000000e+03
1.800000000000000000e+02 1.082333333333333258e+03 3.561000000000000000e+03
1.860000000000000000e+02 1.081000000000000000e+03 3.496000000000000000e+03
1.920000000000000000e+02 1.077666666666666742e+03 3.507000000000000000e+03
1.980000000000000000e+02 1.084000000000000000e+03 3.571000000000000000e+03
2.040000000000000000e+02 1.080333333333333258e+03 3.613000000000000000e+03
2.100000000000000000e+02 1.077333333333333258e+03 3.580000000000000000e+03
2.160000000000000000e+02 1.076333333333333258e+03 3.536000000000000000e+03
2.220000000000000000e+02 1.079333333333333258e+03 3.508000000000000000e+03
2.280000000000000000e+02 1.085333333333333258e+03 3.512000000000000000e+03
2.340000000000000000e+02 1.074666666666666742e+03 3.522000000000000000e+03
2.400000000000000000e+02 1.070333333333333258e+03 3.500000000000000000e+03
2.460000000000000000e+02 1.057333333333333258e+03 3.520000000000000000e+03
2.520000000000000000e+02 1.058333333333333258e+03 3.521000000000000000e+03
2.580000000000000000e+02 1.051666666666666742e+03 3.506000000000000000e+03
2.640000000000000000e+02 1.049666666666666742e+03 3.536000000000000000e+03
2.700000000000000000e+02 1.044000000000000000e+03 3.491000000000000000e+03
2.760000000000000000e+02 1.042000000000000000e+03 3.480000000000000000e+03
2.820000000000000000e+02 1.044333333333333258e+03 3.491000000000000000e+03
2.880000000000000000e+02 1.047666666666666742e+03 3.483000000000000000e+03
2.940000000000000000e+02 1.044666666666666742e+03 3.525000000000000000e+03
3.000000000000000000e+02 1.044000000000000000e+03 3.462000000000000000e+03
3.060000000000000000e+02 1.045333333333333258e+03 3.448000000000000000e+03
3.120000000000000000e+02 1.051666666666666742e+03 3.453000000000000000e+03
3.180000000000000000e+02 1.041666666666666742e+03 3.460000000000000000e+03
3.240000000000000000e+02 1.045666666666666742e+03 3.483000000000000000e+03
3.300000000000000000e+02 1.046000000000000000e+03 3.513000000000000000e+03
3.360000000000000000e+02 1.051666666666666742e+03 3.470000000000000000e+03
3.420000000000000000e+02 1.046666666666666742e+03 3.509000000000000000e+03
3.480000000000000000e+02 1.043666666666666742e+03 3.470000000000000000e+03
3.540000000000000000e+02 1.044333333333333258e+03 3.541000000000000000e+03
3.600000000000000000e+02 1.043333333333333258e+03 3.509000000000000000e+03
3.660000000000000000e+02 1.036000000000000000e+03 3.487000000000000000e+03
3.720000000000000000e+02 1.034666666666666742e+03 3.500000000000000000e+03
3.780000000000000000e+02 1.037666666666666742e+03 3.474000000000000000e+03
3.840000000000000000e+02 1.047666666666666742e+03 3.474000000000000000e+03
3.900000000000000000e+02 1.057000000000000000e+03 3.436000000000000000e+03
3.960000000000000000e+02 1.057000000000000000e+03 3.424000000000000000e+03
4.020000000000000000e+02 1.052666666666666742e+03 3.469000000000000000e+03
4.080000000000000000e+02 1.053000000000000000e+03 3.490000000000000000e+03
4.140000000000000000e+02 1.051333333333333258e+03 3.461000000000000000e+03
4.200000000000000000e+02 1.058000000000000000e+03 3.491000000000000000e+03
4.260000000000000000e+02 1.056666666666666742e+03 3.422000000000000000e+03
4.320000000000000000e+02 1.063666666666666742e+03 3.468000000000000000e+03
4.380000000000000000e+02 1.067000000000000000e+03 3.520000000000000000e+03
4.440000000000000000e+02 1.065000000000000000e+03 3.447000000000000000e+03
4.500000000000000000e+02 1.055000000000000000e+03 3.519000000000000000e+03
4.560000000000000000e+02 1.047666666666666742e+03 3.520000000000000000e+03
4.620000000000000000e+02 1.045333333333333258e+03 3.462000000000000000e+03
4.680000000000000000e+02 1.049333333333333258e+03 3.509000000000000000e+03
4.740000000000000000e+02 1.046000000000000000e+03 3.522000000000000000e+03
4.800000000000000000e+02 1.042000000000000000e+03 3.509000000000000000e+03
4.860000000000000000e+02 1.038333333333333258e+03 3.517000000000000000e+03
4.920000000000000000e+02 1.045000000000000000e+03 3.520000000000000000e+03
4.980000000000000000e+02 1.046333333333333258e+03 3.483000000000000000e+03
5.040000000000000000e+02 1.050333333333333258e+03 3.526000000000000000e+03
5.100000000000000000e+02 1.042666666666666742e+03 3.535000000000000000e+03
5.160000000000000000e+02 1.045333333333333258e+03 3.520000000000000000e+03
5.220000000000000000e+02 1.039666666666666742e+03 3.511000000000000000e+03
5.280000000000000000e+02 1.041000000000000000e+03 3.482000000000000000e+03
5.340000000000000000e+02 1.038000000000000000e+03 3.508000000000000000e+03
5.400000000000000000e+02 1.044666666666666742e+03 3.490000000000000000e+03
5.460000000000000000e+02 1.046000000000000000e+03 3.507000000000000000e+03
5.520000000000000000e+02 1.053666666666666742e+03 3.485000000000000000e+03
5.580000000000000000e+02 1.044666666666666742e+03 3.493000000000000000e+03
5.640000000000000000e+02 1.047333333333333258e+03 3.529000000000000000e+03
5.700000000000000000e+02 1.042000000000000000e+03 3.516000000000000000e+03
5.760000000000000000e+02 1.048666666666666742e+03 3.524000000000000000e+03
5.820000000000000000e+02 1.046666666666666742e+03 3.482000000000000000e+03
5.880000000000000000e+02 1.053000000000000000e+03 3.530000000000000000e+03
5.940000000000000000e+02 1.056333333333333258e+03 3.501000000000000000e+03
6.000000000000000000e+02 1.060000000000000000e+03 3.524000000000000000e+03
6.060000000000000000e+02 1.053666666666666742e+03 3.534000000000000000e+03
6.120000000000000000e+02 1.049666666666666742e+03 3.543000000000000000e+03
6.180000000000000000e+02 1.050666666666666742e+03 3.533000000000000000e+03
6.240000000000000000e+02 1.052000000000000000e+03 3.490000000000000000e+03
6.300000000000000000e+02 1.049333333333333258e+03 3.530000000000000000e+03
6.360000000000000000e+02 1.043000000000000000e+03 3.529000000000000000e+03
