0.000000000000000000e+00 0.000000000000000000e+00
6.000000000000000000e+00 0.000000000000000000e+00
1.200000000000000000e+01 -1.246539677756081468e-04
1.800000000000000000e+01 1.397585678656508828e-03
2.400000000000000000e+01 4.432231447184418853e-03
3.000000000000000000e+01 9.733456403189386097e-03
3.600000000000000000e+01 1.632836279062542528e-02
4.200000000000000000e+01 2.379954976753617668e-02
4.800000000000000000e+01 3.193552671498586792e-02
5.400000000000000000e+01 4.008396964755532588e-02
6.000000000000000000e+01 4.865383903333223709e-02
6.600000000000000000e+01 5.796909367575976690e-02
7.200000000000000000e+01 6.830366154150341318e-02
7.800000000000000000e+01 7.921191315541700750e-02
8.400000000000000000e+01 8.923043735946471766e-02
9.000000000000000000e+01 9.759902408656005723e-02
9.600000000000000000e+01 1.040108196319390887e-01
1.020000000000000000e+02 1.088264580713035334e-01
1.080000000000000000e+02 1.124479492463075492e-01
1.140000000000000000e+02 1.162158329376288268e-01
1.200000000000000000e+02 1.194527971068274214e-01
1.260000000000000000e+02 1.226297345066570260e-01
1.320000000000000000e+02 1.257641825479973163e-01
1.380000000000000000e+02 1.290036868146289262e-01
1.440000000000000000e+02 1.321306920370517446e-01
1.500000000000000000e+02 1.340346607772173182e-01
1.560000000000000000e+02 1.362009272413285954e-01
1.620000000000000000e+02 1.390089427648539544e-01
1.680000000000000000e+02 1.425712441813264120e-01
1.740000000000000000e+02 1.462348306172826240e-01
1.800000000000000000e+02 1.498889931742570791e-01
1.860000000000000000e+02 1.536177925297417812e-01
1.920000000000000000e+02 1.579266828392735245e-01
1.980000000000000000e+02 1.620824939542963028e-01
2.040000000000000000e+02 1.664030257128936985e-01
2.100000000000000000e+02 1.700280369260892266e-01
2.160000000000000000e+02 1.730618458624084421e-01
2.220000000000000000e+02 1.755697363700207403e-01
2.280000000000000000e+02 1.780380577652786733e-01
2.340000000000000000e+02 1.814662694456393166e-01
2.400000000000000000e+02 1.849618713053957086e-01
2.460000000000000000e+02 1.889240983054933931e-01
2.520000000000000000e+02 1.926933397419108296e-01
2.580000000000000000e+02 1.958716928814283886e-01
2.640000000000000000e+02 1.989942383460318875e-01
2.700000000000000000e+02 2.013768268700988351e-01
2.760000000000000000e+02 2.044091917315292162e-01
2.820000000000000000e+02 2.073144997100480891e-01
2.880000000000000000e+02 2.106098005256578365e-01
2.940000000000000000e+02 2.140329380408745874e-01
3.000000000000000000e+02 2.172552039144427238e-01
3.060000000000000000e+02 2.195728490392316601e-01
3.120000000000000000e+02 2.211142849708084834e-01
3.180000000000000000e+02 2.230905717644330044e-01
3.240000000000000000e+02 2.267084240785691984e-01
3.300000000000000000e+02 2.311927961989353741e-01
3.360000000000000000e+02 2.340276829845234219e-01
3.420000000000000000e+02 2.351422424133500499e-01
3.480000000000000000e+02 2.360520930698743192e-01
3.540000000000000000e+02 2.377632178442369015e-01
3.600000000000000000e+02 2.394833491624270005e-01
3.660000000000000000e+02 2.410674741493449014e-01
3.720000000000000000e+02 2.425153613937419961e-01
3.780000000000000000e+02 2.440216974355461921e-01
3.840000000000000000e+02 2.454037991353495984e-01
3.900000000000000000e+02 2.468265061693556972e-01
3.960000000000000000e+02 2.479171047573124897e-01
4.020000000000000000e+02 2.490645659166271786e-01
4.080000000000000000e+02 2.495346644262284586e-01
4.140000000000000000e+02 2.497967024265554115e-01
4.200000000000000000e+02 2.501694611175798721e-01
4.260000000000000000e+02 2.509586073524510130e-01
4.320000000000000000e+02 2.524414181792569711e-01
4.380000000000000000e+02 2.535020071146447118e-01
4.440000000000000000e+02 2.548590639751819320e-01
4.500000000000000000e+02 2.563197289151048497e-01
4.560000000000000000e+02 2.584893157103731465e-01
4.620000000000000000e+02 2.605321900336892149e-01
4.680000000000000000e+02 2.621477686896180326e-01
4.740000000000000000e+02 2.631204179165478330e-01
4.800000000000000000e+02 2.634938876535087848e-01
4.860000000000000000e+02 2.638132279006297765e-01
4.920000000000000000e+02 2.639083530164594849e-01
4.980000000000000000e+02 2.643821088843059108e-01
5.040000000000000000e+02 2.645132102672169139e-01
5.100000000000000000e+02 2.644416477894656059e-01
5.160000000000000000e+02 2.643031681992522031e-01
5.220000000000000000e+02 2.645521947917277017e-01
5.280000000000000000e+02 2.649872191484992645e-01
5.340000000000000000e+02 2.655865837978035326e-01
5.400000000000000000e+02 2.660118391494198375e-01
5.460000000000000000e+02 2.659717613012960724e-01
5.520000000000000000e+02 2.658380795766639992e-01
5.580000000000000000e+02 2.655431155867859494e-01
5.640000000000000000e+02 2.654736680129303750e-01
5.700000000000000000e+02 2.652717901529310640e-01
5.760000000000000000e+02 2.650490792572671728e-01
5.820000000000000000e+02 2.650651377308997358e-01
5.880000000000000000e+02 2.650593512386074657e-01
5.940000000000000000e+02 2.649067119888875999e-01
6.000000000000000000e+02 2.645497114306211150e-01
6.060000000000000000e+02 2.642813768603968771e-01
6.120000000000000000e+02 2.644588914065786889e-01
6.180000000000000000e+02 2.648038770000304409e-01
6.240000000000000000e+02 2.655885079040805063e-01
6.300000000000000000e+02 2.665129832526854647e-01
6.360000000000000000e+02 2.674790130310683578e-01
6.400000000000000000e+02 2.680996092214985027e-01
