0.000000000000000000e+00 -6.469692380000000020e-02
6.000000000000000000e+00 4.953056640000000344e-02
1.200000000000000000e+01 1.216361409333333449e-01
1.800000000000000000e+01 1.775884277249999976e-01
2.400000000000000000e+01 2.395753808600000201e-01
3.000000000000000000e+01 2.750676757833333541e-01
3.600000000000000000e+01 3.101138323142857423e-01
4.200000000000000000e+01 3.923645089285714982e-01
4.800000000000000000e+01 4.386834333142856646e-01
5.400000000000000000e+01 4.893164306714285483e-01
6.000000000000000000e+01 5.381344656857143249e-01
6.600000000000000000e+01 5.642438546285714063e-01
7.200000000000000000e+01 5.805516322571430132e-01
7.800000000000000000e+01 5.730807268428571577e-01
8.400000000000000000e+01 5.411919154571428470e-01
9.000000000000000000e+01 5.110917968857143778e-01
9.600000000000000000e+01 4.405448416714285997e-01
1.020000000000000000e+02 3.827503766857143219e-01
1.080000000000000000e+02 3.155208845000000428e-01
1.140000000000000000e+02 2.486791408000000037e-01
1.200000000000000000e+02 2.218209690571428805e-01
1.260000000000000000e+02 2.070643772571428565e-01
1.320000000000000000e+02 1.950093950428571365e-01
1.380000000000000000e+02 1.844919093428571411e-01
1.440000000000000000e+02 1.627088474714285804e-01
1.500000000000000000e+02 1.699761395999999924e-01
1.560000000000000000e+02 1.891288521857143190e-01
1.620000000000000000e+02 1.751050310428571566e-01
1.680000000000000000e+02 1.868200352285714072e-01
1.740000000000000000e+02 1.871216779428571397e-01
1.800000000000000000e+02 2.260592738428571224e-01
1.860000000000000000e+02 2.412517874428571629e-01
1.920000000000000000e+02 2.423314505285714127e-01
1.980000000000000000e+02 2.429560773428571241e-01
2.040000000000000000e+02 2.323413242714285620e-01
2.100000000000000000e+02 2.179199672000000365e-01
2.160000000000000000e+02 2.066532836714285726e-01
2.220000000000000000e+02 1.999543858000000507e-01
2.280000000000000000e+02 1.952286097857142966e-01
2.340000000000000000e+02 1.875514386857142779e-01
2.400000000000000000e+02 2.011359183142857332e-01
2.460000000000000000e+02 1.953839599571428887e-01
2.520000000000000000e+02 2.071383492571428619e-01
2.580000000000000000e+02 2.101426914714285832e-01
2.640000000000000000e+02 1.949053763142856999e-01
2.700000000000000000e+02 1.970806605571428782e-01
2.760000000000000000e+02 1.954548827857142956e-01
2.820000000000000000e+02 1.770867884714285856e-01
2.880000000000000000e+02 2.012852835285714459e-01
2.940000000000000000e+02 1.773567208285714292e-01
3.000000000000000000e+02 1.576251645714285832e-01
3.060000000000000000e+02 1.607923538142857212e-01
3.120000000000000000e+02 1.756968320571428710e-01
3.180000000000000000e+02 1.905162429857143180e-01
3.240000000000000000e+02 1.679167940571428819e-01
3.300000000000000000e+02 1.337791133714285874e-01
3.360000000000000000e+02 1.356609754571428683e-01
3.420000000000000000e+02 1.581086729000000246e-01
3.480000000000000000e+02 1.387201972142857176e-01
3.540000000000000000e+02 1.062408663285714372e-01
3.600000000000000000e+02 7.911694578571429326e-02
3.660000000000000000e+02 8.354453890000000660e-02
3.720000000000000000e+02 9.204629515714286836e-02
3.780000000000000000e+02 9.899898594285715114e-02
3.840000000000000000e+02 7.543203114285713939e-02
3.900000000000000000e+02 8.057380360000000741e-02
3.960000000000000000e+02 7.237660642857143833e-02
4.020000000000000000e+02 4.582438735714285810e-02
4.080000000000000000e+02 4.973853357142857951e-02
4.140000000000000000e+02 4.840865032857143146e-02
4.200000000000000000e+02 4.657604185714286221e-02
4.260000000000000000e+02 5.305585545714285728e-02
4.320000000000000000e+02 5.236061532857142625e-02
4.380000000000000000e+02 6.155395247142857185e-02
4.440000000000000000e+02 9.870763987142858187e-02
4.500000000000000000e+02 1.003545096285714117e-01
4.560000000000000000e+02 9.925625304285713713e-02
4.620000000000000000e+02 9.402186582857141595e-02
4.680000000000000000e+02 8.210055584285713692e-02
4.740000000000000000e+02 7.354376699999999600e-02
4.800000000000000000e+02 6.016062077142857178e-02
4.860000000000000000e+02 3.884724665714285596e-02
4.920000000000000000e+02 2.207002862857143297e-02
4.980000000000000000e+02 1.338479848571428807e-02
5.040000000000000000e+02 -2.914527942857142711e-03
5.100000000000000000e+02 1.137806457142857310e-02
5.160000000000000000e+02 1.104309969999999960e-02
5.220000000000000000e+02 1.235134248571428603e-02
5.280000000000000000e+02 1.758354942857142875e-02
5.340000000000000000e+02 8.928582757142854501e-03
5.400000000000000000e+02 1.117783164285714170e-02
5.460000000000000000e+02 1.589198264285714146e-02
5.520000000000000000e+02 5.417602371428570721e-03
5.580000000000000000e+02 -1.604607142857145791e-04
5.640000000000000000e+02 -5.860310957142857678e-03
5.700000000000000000e+02 -1.303327848571428360e-02
5.760000000000000000e+02 -3.235968828571426838e-03
5.820000000000000000e+02 -7.397204799999998644e-03
5.880000000000000000e+02 -1.235841149999999944e-02
5.940000000000000000e+02 -1.231321214285714151e-02
6.000000000000000000e+02 -2.245719899999998326e-03
6.060000000000000000e+02 6.617617857142880878e-04
6.120000000000000000e+02 7.215866842857145656e-03
6.180000000000000000e+02 1.984543531428572052e-02
6.240000000000000000e+02 2.860801727142857701e-02
6.300000000000000000e+02 3.690130144285714425e-02
6.360000000000000000e+02 3.869706462857143425e-02
6.400000000000000000e+02 3.216928774285714859e-02
