0.000000000000000000e+00 -1.632104980500000056e+04
6.000000000000000000e+00 -1.630270751949999976e+04
1.200000000000000000e+01 -1.626722265633333336e+04
1.800000000000000000e+01 -1.618194531233333146e+04
2.400000000000000000e+01 -1.601220833333333394e+04
3.000000000000000000e+01 -1.570407552066666540e+04
3.600000000000000000e+01 -1.547558984366666664e+04
4.200000000000000000e+01 -1.526006542966666711e+04
4.800000000000000000e+01 -1.518514713533333270e+04
5.400000000000000000e+01 -1.492528222666666807e+04
6.000000000000000000e+01 -1.468736100266666654e+04
6.600000000000000000e+01 -1.440130794299999980e+04
7.200000000000000000e+01 -1.408829980500000056e+04
7.800000000000000000e+01 -1.382956477900000027e+04
8.400000000000000000e+01 -1.399809733099999903e+04
9.000000000000000000e+01 -1.441725390633333336e+04
9.600000000000000000e+01 -1.487259342433333222e+04
1.020000000000000000e+02 -1.489605403633333299e+04
1.080000000000000000e+02 -1.479193619766666779e+04
1.140000000000000000e+02 -1.466260872399999971e+04
1.200000000000000000e+02 -1.462848209633333317e+04
1.260000000000000000e+02 -1.469442415366666683e+04
1.320000000000000000e+02 -1.472946972633333098e+04
1.380000000000000000e+02 -1.473853515599999992e+04
1.440000000000000000e+02 -1.478223860666666769e+04
1.500000000000000000e+02 -1.483047721366666701e+04
1.560000000000000000e+02 -1.492165852866666683e+04
1.620000000000000000e+02 -1.488209700533333489e+04
1.680000000000000000e+02 -1.493419238266666616e+04
1.740000000000000000e+02 -1.481472135433333460e+04
1.800000000000000000e+02 -1.484779459633333317e+04
1.860000000000000000e+02 -1.476336686200000076e+04
1.920000000000000000e+02 -1.474857812500000000e+04
1.980000000000000000e+02 -1.473683365900000172e+04
2.040000000000000000e+02 -1.482218391966666786e+04
2.100000000000000000e+02 -1.489041861999999855e+04
2.160000000000000000e+02 -1.480057845066666778e+04
2.220000000000000000e+02 -1.471113932300000124e+04
2.280000000000000000e+02 -1.475455013033333489e+04
2.340000000000000000e+02 -1.472947428400000172e+04
2.400000000000000000e+02 -1.462922265633333336e+04
2.460000000000000000e+02 -1.451564485699999932e+04
2.520000000000000000e+02 -1.456554589866666538e+04
2.580000000000000000e+02 -1.452563736999999855e+04
2.640000000000000000e+02 -1.448149674499999855e+04
2.700000000000000000e+02 -1.436482194033333326e+04
2.760000000000000000e+02 -1.439779492199999913e+04
2.820000000000000000e+02 -1.444233203133333336e+04
2.880000000000000000e+02 -1.442713997399999971e+04
2.940000000000000000e+02 -1.444235481766666635e+04
3.000000000000000000e+02 -1.435728287733333309e+04
3.060000000000000000e+02 -1.429487890599999992e+04
3.120000000000000000e+02 -1.426389518233333365e+04
3.180000000000000000e+02 -1.427942968766666490e+04
3.240000000000000000e+02 -1.427090852866666683e+04
3.300000000000000000e+02 -1.414746223933333386e+04
3.360000000000000000e+02 -1.399455924466666511e+04
3.420000000000000000e+02 -1.397762434899999971e+04
3.480000000000000000e+02 -1.400551334666666662e+04
3.540000000000000000e+02 -1.402025032566666778e+04
3.600000000000000000e+02 -1.402846386733333202e+04
3.660000000000000000e+02 -1.401541536466666730e+04
3.720000000000000000e+02 -1.396881738299999961e+04
3.780000000000000000e+02 -1.402345768233333365e+04
3.840000000000000000e+02 -1.402135904933333222e+04
3.900000000000000000e+02 -1.404545475233333309e+04
3.960000000000000000e+02 -1.400173404933333222e+04
4.020000000000000000e+02 -1.390415917966666711e+04
4.080000000000000000e+02 -1.394453710933333241e+04
4.140000000000000000e+02 -1.382223372399999971e+04
4.200000000000000000e+02 -1.382123600266666654e+04
4.260000000000000000e+02 -1.374342871100000048e+04
4.320000000000000000e+02 -1.375925553366666463e+04
4.380000000000000000e+02 -1.377802539033333414e+04
4.440000000000000000e+02 -1.385460709599999973e+04
4.500000000000000000e+02 -1.388316699199999857e+04
4.560000000000000000e+02 -1.392422070299999905e+04
4.620000000000000000e+02 -1.397531608066666558e+04
4.680000000000000000e+02 -1.407037304666666569e+04
4.740000000000000000e+02 -1.425618912733333309e+04
4.800000000000000000e+02 -1.434129850233333309e+04
4.860000000000000000e+02 -1.448644238266666616e+04
4.920000000000000000e+02 -1.461004003899999952e+04
4.980000000000000000e+02 -1.475740592433333222e+04
5.040000000000000000e+02 -1.480308170566666558e+04
5.100000000000000000e+02 -1.481663183600000048e+04
5.160000000000000000e+02 -1.479967154966666749e+04
5.220000000000000000e+02 -1.490695996100000048e+04
5.280000000000000000e+02 -1.496627571600000192e+04
5.340000000000000000e+02 -1.501426692699999876e+04
5.400000000000000000e+02 -1.500939029933333222e+04
5.460000000000000000e+02 -1.491736425766666798e+04
5.520000000000000000e+02 -1.486162304666666751e+04
5.580000000000000000e+02 -1.486796061200000076e+04
5.640000000000000000e+02 -1.487923990900000172e+04
5.700000000000000000e+02 -1.490594303400000172e+04
5.760000000000000000e+02 -1.486677669266666635e+04
5.820000000000000000e+02 -1.492348242166666751e+04
5.880000000000000000e+02 -1.498704589833333193e+04
5.940000000000000000e+02 -1.499850292966666711e+04
6.000000000000000000e+02 -1.499465462266666691e+04
6.060000000000000000e+02 -1.499661132833333249e+04
6.120000000000000000e+02 -1.499974609400000008e+04
6.180000000000000000e+02 -1.496749544266666635e+04
6.240000000000000000e+02 -1.497742675766666798e+04
6.300000000000000000e+02 -1.500120052066666540e+04
6.360000000000000000e+02 -1.508686328133333336e+04
