0.000000000000000000e+00 0.000000000000000000e+00
6.000000000000000000e+00 1.643822105571746128e-02
1.200000000000000000e+01 3.287644211143470052e-02
1.800000000000000000e+01 4.931466316715193976e-02
2.400000000000000000e+01 6.575288422286940104e-02
3.000000000000000000e+01 8.219110527858664028e-02
3.600000000000000000e+01 9.862932633430410156e-02
4.200000000000000000e+01 1.150675473900213408e-01
4.800000000000000000e+01 1.315057684457385800e-01
5.400000000000000000e+01 1.479439895014562634e-01
6.000000000000000000e+01 1.643822105571735026e-01
6.600000000000000000e+01 1.808204316128909639e-01
7.200000000000000000e+01 1.972586526686082031e-01
7.800000000000000000e+01 2.136968737243256644e-01
8.400000000000000000e+01 2.301350947800429037e-01
9.000000000000000000e+01 2.465733158357601429e-01
9.600000000000000000e+01 2.630115368914776042e-01
1.020000000000000000e+02 2.794497579471948434e-01
1.080000000000000000e+02 2.958879790029123047e-01
1.140000000000000000e+02 3.123262000586295439e-01
1.200000000000000000e+02 3.287644211143470052e-01
1.260000000000000000e+02 3.452026421700642445e-01
1.320000000000000000e+02 3.616408632257817057e-01
1.380000000000000000e+02 3.780790842814989450e-01
1.440000000000000000e+02 3.945173053372161842e-01
1.500000000000000000e+02 4.109555263929336455e-01
1.560000000000000000e+02 4.273937474486508847e-01
1.620000000000000000e+02 4.438319685043685681e-01
1.680000000000000000e+02 4.602701895600858073e-01
1.740000000000000000e+02 4.767084106158032686e-01
1.800000000000000000e+02 4.931466316715205078e-01
1.860000000000000000e+02 5.095848527272379691e-01
1.920000000000000000e+02 5.260230737829552083e-01
1.980000000000000000e+02 5.424612948386724476e-01
2.040000000000000000e+02 5.588995158943899089e-01
2.100000000000000000e+02 5.753377369501071481e-01
2.160000000000000000e+02 5.917759580058246094e-01
2.220000000000000000e+02 6.082141790615418486e-01
2.280000000000000000e+02 6.246524001172593099e-01
2.340000000000000000e+02 6.410906211729765491e-01
2.400000000000000000e+02 6.575288422286937884e-01
2.460000000000000000e+02 6.739670632844112497e-01
2.520000000000000000e+02 6.904052843401284889e-01
2.580000000000000000e+02 7.068435053958459502e-01
2.640000000000000000e+02 7.232817264515634115e-01
2.700000000000000000e+02 7.397199475072808728e-01
2.760000000000000000e+02 7.561581685629981120e-01
2.820000000000000000e+02 7.725963896187155733e-01
2.880000000000000000e+02 7.890346106744328125e-01
2.940000000000000000e+02 8.054728317301500518e-01
3.000000000000000000e+02 8.219110527858675130e-01
3.060000000000000000e+02 8.383492738415847523e-01
3.120000000000000000e+02 8.547874948973022136e-01
3.180000000000000000e+02 8.712257159530194528e-01
3.240000000000000000e+02 8.876639370087369141e-01
3.300000000000000000e+02 9.041021580644541533e-01
3.360000000000000000e+02 9.205403791201716146e-01
3.420000000000000000e+02 9.369786001758888538e-01
3.480000000000000000e+02 9.534168212316060931e-01
3.540000000000000000e+02 9.698550422873235544e-01
3.600000000000000000e+02 9.862932633430407936e-01
3.660000000000000000e+02 1.002731484398758255e+00
3.720000000000000000e+02 1.019169705454475494e+00
3.780000000000000000e+02 1.035607926510193177e+00
3.840000000000000000e+02 1.052046147565910417e+00
3.900000000000000000e+02 1.068484368621627656e+00
3.960000000000000000e+02 1.084922589677344895e+00
4.020000000000000000e+02 1.101360810733062134e+00
4.080000000000000000e+02 1.117799031788779818e+00
4.140000000000000000e+02 1.134237252844497057e+00
4.200000000000000000e+02 1.150675473900214740e+00
4.260000000000000000e+02 1.167113694955931980e+00
4.320000000000000000e+02 1.183551916011649219e+00
4.380000000000000000e+02 1.199990137067366458e+00
4.440000000000000000e+02 1.216428358123084141e+00
4.500000000000000000e+02 1.232866579178800936e+00
4.560000000000000000e+02 1.249304800234518620e+00
4.620000000000000000e+02 1.265743021290235859e+00
4.680000000000000000e+02 1.282180968375602248e+00
4.740000000000000000e+02 1.298619463401670338e+00
4.800000000000000000e+02 1.315057410487037171e+00
4.860000000000000000e+02 1.331495905513105260e+00
4.920000000000000000e+02 1.347934126568822499e+00
4.980000000000000000e+02 1.364372347624539739e+00
5.040000000000000000e+02 1.380810568680257422e+00
5.100000000000000000e+02 1.397248789735974661e+00
5.160000000000000000e+02 1.413687010791691900e+00
5.220000000000000000e+02 1.430124957877058733e+00
5.280000000000000000e+02 1.446563452903126823e+00
5.340000000000000000e+02 1.463001399988493212e+00
5.400000000000000000e+02 1.479439895014561301e+00
5.460000000000000000e+02 1.495878116070278985e+00
5.520000000000000000e+02 1.512316337125996224e+00
5.580000000000000000e+02 1.528754558181713463e+00
5.640000000000000000e+02 1.545192779237430702e+00
5.700000000000000000e+02 1.561631000293148386e+00
5.760000000000000000e+02 1.578068947378514775e+00
5.820000000000000000e+02 1.594507442404582864e+00
5.880000000000000000e+02 1.610945389489949697e+00
5.940000000000000000e+02 1.627383884516017787e+00
6.000000000000000000e+02 1.643822105571734582e+00
6.060000000000000000e+02 1.660260326627452265e+00
6.120000000000000000e+02 1.676698547683169505e+00
6.180000000000000000e+02 1.693136494768535893e+00
6.240000000000000000e+02 1.709574989794603983e+00
6.300000000000000000e+02 1.726012936879970816e+00
6.360000000000000000e+02 1.742451431906039350e+00
6.400000000000000000e+02 1.753410245943183732e+00
