0.000000000000000000e+00 -1.471091406250000000e+05
6.000000000000000000e+00 -1.478390468750000000e+05
1.200000000000000000e+01 -1.476237656250000000e+05
1.800000000000000000e+01 -1.474059843750000000e+05
2.400000000000000000e+01 -1.471445468750000000e+05
3.000000000000000000e+01 -1.471921562500000000e+05
3.600000000000000000e+01 -1.470918281250000000e+05
4.200000000000000000e+01 -1.464910937500000000e+05
4.800000000000000000e+01 -1.458851875000000000e+05
5.400000000000000000e+01 -1.464942656250000000e+05
6.000000000000000000e+01 -1.456219375000000000e+05
6.600000000000000000e+01 -1.453322343750000000e+05
7.200000000000000000e+01 -1.453735000000000000e+05
7.800000000000000000e+01 -1.450136093750000000e+05
8.400000000000000000e+01 -1.452422968750000000e+05
9.000000000000000000e+01 -1.452999062500000000e+05
9.600000000000000000e+01 -1.456907500000000000e+05
1.020000000000000000e+02 -1.454508437500000000e+05
1.080000000000000000e+02 -1.456040937500000000e+05
1.140000000000000000e+02 -1.458202968750000000e+05
1.200000000000000000e+02 -1.457510312500000000e+05
1.260000000000000000e+02 -1.455281250000000000e+05
1.320000000000000000e+02 -1.452238125000000000e+05
1.380000000000000000e+02 -1.450288593750000000e+05
1.440000000000000000e+02 -1.446441406250000000e+05
1.500000000000000000e+02 -1.449710312500000000e+05
1.560000000000000000e+02 -1.451635781250000000e+05
1.620000000000000000e+02 -1.446298437500000000e+05
1.680000000000000000e+02 -1.447067656250000000e+05
1.740000000000000000e+02 -1.446393125000000000e+05
1.800000000000000000e+02 -1.445013593750000000e+05
1.860000000000000000e+02 -1.446023125000000000e+05
1.920000000000000000e+02 -1.446312500000000000e+05
1.980000000000000000e+02 -1.449436406250000000e+05
2.040000000000000000e+02 -1.448424062500000000e+05
2.100000000000000000e+02 -1.452242812500000000e+05
2.160000000000000000e+02 -1.452149375000000000e+05
2.220000000000000000e+02 -1.451579687500000000e+05
2.280000000000000000e+02 -1.452605937500000000e+05
2.340000000000000000e+02 -1.448415312500000000e+05
2.400000000000000000e+02 -1.452291875000000000e+05
2.460000000000000000e+02 -1.453303281250000000e+05
2.520000000000000000e+02 -1.451709687500000000e+05
2.580000000000000000e+02 -1.447832812500000000e+05
2.640000000000000000e+02 -1.455192500000000000e+05
2.700000000000000000e+02 -1.451673281250000000e+05
2.760000000000000000e+02 -1.448956718750000000e+05
2.820000000000000000e+02 -1.448555625000000000e+05
2.880000000000000000e+02 -1.451832187500000000e+05
2.940000000000000000e+02 -1.447529062500000000e+05
3.000000000000000000e+02 -1.454308125000000000e+05
3.060000000000000000e+02 -1.455457656250000000e+05
3.120000000000000000e+02 -1.447648125000000000e+05
3.180000000000000000e+02 -1.453056875000000000e+05
3.240000000000000000e+02 -1.457832031250000000e+05
3.300000000000000000e+02 -1.457117500000000000e+05
3.360000000000000000e+02 -1.460086093750000000e+05
3.420000000000000000e+02 -1.458253281250000000e+05
3.480000000000000000e+02 -1.460658750000000000e+05
3.540000000000000000e+02 -1.456739218750000000e+05
3.600000000000000000e+02 -1.459515625000000000e+05
3.660000000000000000e+02 -1.458115468750000000e+05
3.720000000000000000e+02 -1.458629218750000000e+05
3.780000000000000000e+02 -1.456186718750000000e+05
3.840000000000000000e+02 -1.456575625000000000e+05
3.900000000000000000e+02 -1.458855625000000000e+05
3.960000000000000000e+02 -1.455806562500000000e+05
4.020000000000000000e+02 -1.458559687500000000e+05
4.080000000000000000e+02 -1.457590000000000000e+05
4.140000000000000000e+02 -1.457754687500000000e+05
4.200000000000000000e+02 -1.457455937500000000e+05
4.260000000000000000e+02 -1.458678750000000000e+05
4.320000000000000000e+02 -1.457381250000000000e+05
4.380000000000000000e+02 -1.457764687500000000e+05
4.440000000000000000e+02 -1.454222500000000000e+05
4.500000000000000000e+02 -1.457837968750000000e+05
4.560000000000000000e+02 -1.460991718750000000e+05
4.620000000000000000e+02 -1.460292656250000000e+05
4.680000000000000000e+02 -1.462688281250000000e+05
4.740000000000000000e+02 -1.461795000000000000e+05
4.800000000000000000e+02 -1.464226562500000000e+05
4.860000000000000000e+02 -1.465088593750000000e+05
4.920000000000000000e+02 -1.459714687500000000e+05
4.980000000000000000e+02 -1.462804531250000000e+05
5.040000000000000000e+02 -1.464812343750000000e+05
5.100000000000000000e+02 -1.460845000000000000e+05
5.160000000000000000e+02 -1.460439062500000000e+05
5.220000000000000000e+02 -1.463728593750000000e+05
5.280000000000000000e+02 -1.464546562500000000e+05
5.340000000000000000e+02 -1.462071093750000000e+05
5.400000000000000000e+02 -1.457969687500000000e+05
5.460000000000000000e+02 -1.461676250000000000e+05
5.520000000000000000e+02 -1.462406093750000000e+05
5.580000000000000000e+02 -1.465235781250000000e+05
5.640000000000000000e+02 -1.464967968750000000e+05
5.700000000000000000e+02 -1.462556562500000000e+05
5.760000000000000000e+02 -1.462687187500000000e+05
5.820000000000000000e+02 -1.459001718750000000e+05
5.880000000000000000e+02 -1.460189375000000000e+05
5.940000000000000000e+02 -1.459266406250000000e+05
6.000000000000000000e+02 -1.464795000000000000e+05
6.060000000000000000e+02 -1.462547968750000000e+05
6.120000000000000000e+02 -1.457515937500000000e+05
6.180000000000000000e+02 -1.461234218750000000e+05
6.240000000000000000e+02 -1.461651875000000000e+05
6.300000000000000000e+02 -1.461005312500000000e+05
6.360000000000000000e+02 -1.460179375000000000e+05
