0.000000000000000000e+00 6.469692380000000185e+02
6.000000000000000000e+00 -1.637580566000000090e+03
1.200000000000000000e+01 -2.658472900000000209e+03
1.800000000000000000e+01 -3.454452881000000161e+03
2.400000000000000000e+01 -4.875231934000000365e+03
3.000000000000000000e+01 -4.525291503999999804e+03
3.600000000000000000e+01 -5.203907715000000280e+03
4.200000000000000000e+01 -5.110578125000000000e+03
4.800000000000000000e+01 -4.879905273000000307e+03
5.400000000000000000e+01 -6.202782715000000280e+03
6.000000000000000000e+01 -6.871715331999999762e+03
6.600000000000000000e+01 -6.702889159999999720e+03
7.200000000000000000e+01 -5.666835938000000169e+03
7.800000000000000000e+01 -4.680944335999999566e+03
8.400000000000000000e+01 -2.878361327999999958e+03
9.000000000000000000e+01 -2.772896972999999889e+03
9.600000000000000000e+01 -1.264495850000000019e+03
1.020000000000000000e+02 -2.826102782999999818e+03
1.080000000000000000e+02 -1.996824706999999989e+03
1.140000000000000000e+02 -9.879138789999999517e+02
1.200000000000000000e+02 -2.800872314000000188e+03
1.260000000000000000e+02 -1.845399902000000111e+03
1.320000000000000000e+02 -1.929048217999999906e+03
1.380000000000000000e+02 -5.282718509999999696e+02
1.440000000000000000e+02 -1.301288452000000007e+03
1.500000000000000000e+02 -2.505535155999999915e+03
1.560000000000000000e+02 -2.328603759999999966e+03
1.620000000000000000e+02 -1.819204833999999892e+03
1.680000000000000000e+02 -2.665450194999999894e+03
1.740000000000000000e+02 -1.950163207999999941e+03
1.800000000000000000e+02 -3.253903564000000188e+03
1.860000000000000000e+02 -2.364764404000000013e+03
1.920000000000000000e+02 -2.581111571999999796e+03
1.980000000000000000e+02 -2.372327636999999868e+03
2.040000000000000000e+02 -1.076172119000000066e+03
2.100000000000000000e+02 -1.655955200000000104e+03
2.160000000000000000e+02 -1.161495361000000003e+03
2.220000000000000000e+02 -2.784980712999999923e+03
2.280000000000000000e+02 -2.033960082999999941e+03
2.340000000000000000e+02 -2.043709595000000036e+03
2.400000000000000000e+02 -3.323241211000000021e+03
2.460000000000000000e+02 -6.735350339999999960e+02
2.520000000000000000e+02 -2.478762451000000056e+03
2.580000000000000000e+02 -1.371799316000000090e+03
2.640000000000000000e+02 -1.718368652000000111e+03
2.700000000000000000e+02 -2.186229980000000069e+03
2.760000000000000000e+02 -1.929905150999999933e+03
2.820000000000000000e+02 -2.037474609000000100e+03
2.880000000000000000e+02 -2.367429688000000169e+03
2.940000000000000000e+02 -8.037630619999999908e+02
3.000000000000000000e+02 9.409622000000000597e+00
3.060000000000000000e+02 -1.940071899000000030e+03
3.120000000000000000e+02 -3.229543457000000217e+03
3.180000000000000000e+02 -2.967263915999999881e+03
3.240000000000000000e+02 -4.555131840000000238e+02
3.300000000000000000e+02 2.220795999999999992e+01
3.360000000000000000e+02 -9.354934080000000449e+02
3.420000000000000000e+02 -1.561929198999999926e+03
3.480000000000000000e+02 -5.828786010000000033e+02
3.540000000000000000e+02 -9.559902949999999464e+02
3.600000000000000000e+02 -1.068589478000000099e+03
3.660000000000000000e+02 -7.654447020000000066e+02
3.720000000000000000e+02 -5.729149780000000192e+02
3.780000000000000000e+02 -1.422181763000000046e+03
3.840000000000000000e+02 8.775763700000000256e+01
3.900000000000000000e+02 -9.428026730000000271e+02
3.960000000000000000e+02 -3.821864929999999845e+02
4.020000000000000000e+02 7.900658570000000509e+02
4.080000000000000000e+02 -1.039434936999999991e+03
4.140000000000000000e+02 -4.798231509999999957e+02
4.200000000000000000e+02 -1.293899169999999913e+03
4.260000000000000000e+02 -3.658293150000000082e+02
4.320000000000000000e+02 -8.941358639999999696e+02
4.380000000000000000e+02 -1.025720092999999906e+03
4.440000000000000000e+02 -1.810692260999999917e+03
4.500000000000000000e+02 -1.154715819999999894e+03
4.560000000000000000e+02 -4.029451900000000251e+02
4.620000000000000000e+02 -9.274920650000000251e+02
4.680000000000000000e+02 4.686623839999999745e+02
4.740000000000000000e+02 -2.951606449999999882e+02
4.800000000000000000e+02 -8.889985699999999724e+01
4.860000000000000000e+02 -3.187560730000000149e+02
4.920000000000000000e+02 1.968944199999999967e+01
4.980000000000000000e+02 2.050209199999999896e+02
5.040000000000000000e+02 2.134607849999999871e+02
5.100000000000000000e+02 -5.318190919999999551e+02
5.160000000000000000e+02 -2.717131039999999871e+02
5.220000000000000000e+02 -1.804768520000000080e+02
5.280000000000000000e+02 -6.850105589999999438e+02
5.340000000000000000e+02 6.255371089999999867e+02
5.400000000000000000e+02 4.757349800000000073e+01
5.460000000000000000e+02 -1.165297850000000039e+02
5.520000000000000000e+02 2.013875270000000057e+02
5.580000000000000000e+02 1.187513119999999986e+02
5.640000000000000000e+02 2.185126649999999984e+02
5.700000000000000000e+02 -1.829028319999999894e+02
5.760000000000000000e+02 -6.027456699999999756e+01
5.820000000000000000e+02 3.388600159999999732e+02
5.880000000000000000e+02 2.307546839999999975e+02
5.940000000000000000e+02 1.982235719999999901e+02
6.000000000000000000e+02 -5.859731450000000450e+02
6.060000000000000000e+02 1.498894699999999958e+01
6.120000000000000000e+02 -6.416901860000000397e+02
6.180000000000000000e+02 -9.443443600000000515e+02
6.240000000000000000e+02 -2.745207209999999804e+02
6.300000000000000000e+02 -3.497752080000000205e+02
6.360000000000000000e+02 7.252014900000000353e+01
6.400000000000000000e+02 -1.290287629999999979e+02
