0.000000000000000000e+00 -1.632104980500000056e+04
6.000000000000000000e+00 -1.628436523400000078e+04
1.200000000000000000e+01 -1.619625293000000056e+04
1.800000000000000000e+01 -1.606521777300000031e+04
2.400000000000000000e+01 -1.577515429699999913e+04
3.000000000000000000e+01 -1.527185449200000039e+04
3.600000000000000000e+01 -1.537976074200000039e+04
4.200000000000000000e+01 -1.512858105500000056e+04
4.800000000000000000e+01 -1.504709960900000078e+04
5.400000000000000000e+01 -1.460016601599999922e+04
6.000000000000000000e+01 -1.441481738299999961e+04
6.600000000000000000e+01 -1.418894043000000056e+04
7.200000000000000000e+01 -1.366114160199999969e+04
7.800000000000000000e+01 -1.363861230500000056e+04
8.400000000000000000e+01 -1.469453808600000048e+04
9.000000000000000000e+01 -1.491861132800000087e+04
9.600000000000000000e+01 -1.500463085900000078e+04
1.020000000000000000e+02 -1.476491992199999913e+04
1.080000000000000000e+02 -1.460625781199999983e+04
1.140000000000000000e+02 -1.461664843800000017e+04
1.200000000000000000e+02 -1.466254003899999952e+04
1.260000000000000000e+02 -1.480408398400000078e+04
1.320000000000000000e+02 -1.472178515599999992e+04
1.380000000000000000e+02 -1.468973632800000087e+04
1.440000000000000000e+02 -1.493519433600000048e+04
1.500000000000000000e+02 -1.486650097699999969e+04
1.560000000000000000e+02 -1.496328027300000031e+04
1.620000000000000000e+02 -1.481650976599999922e+04
1.680000000000000000e+02 -1.502278710900000078e+04
1.740000000000000000e+02 -1.460486718800000017e+04
1.800000000000000000e+02 -1.491572949200000039e+04
1.860000000000000000e+02 -1.476950390599999992e+04
1.920000000000000000e+02 -1.456050097699999969e+04
1.980000000000000000e+02 -1.488049609400000008e+04
2.040000000000000000e+02 -1.502555468800000017e+04
2.100000000000000000e+02 -1.476520507800000087e+04
2.160000000000000000e+02 -1.461097558600000048e+04
2.220000000000000000e+02 -1.475723730500000056e+04
2.280000000000000000e+02 -1.489543750000000000e+04
2.340000000000000000e+02 -1.453574804699999913e+04
2.400000000000000000e+02 -1.445648242199999913e+04
2.460000000000000000e+02 -1.455470410199999969e+04
2.520000000000000000e+02 -1.468545117199999913e+04
2.580000000000000000e+02 -1.433675683600000048e+04
2.640000000000000000e+02 -1.442228222699999969e+04
2.700000000000000000e+02 -1.433542675799999961e+04
2.760000000000000000e+02 -1.443567578099999992e+04
2.820000000000000000e+02 -1.455589355500000056e+04
2.880000000000000000e+02 -1.428985058600000048e+04
2.940000000000000000e+02 -1.448132031199999983e+04
3.000000000000000000e+02 -1.430067773400000078e+04
3.060000000000000000e+02 -1.410263867199999913e+04
3.120000000000000000e+02 -1.438836914099999922e+04
3.180000000000000000e+02 -1.434728125000000000e+04
3.240000000000000000e+02 -1.407707519499999944e+04
3.300000000000000000e+02 -1.401803027300000031e+04
3.360000000000000000e+02 -1.388857226599999922e+04
3.420000000000000000e+02 -1.402627050799999961e+04
3.480000000000000000e+02 -1.410169726599999922e+04
3.540000000000000000e+02 -1.393278320300000087e+04
3.600000000000000000e+02 -1.405091113299999961e+04
3.660000000000000000e+02 -1.406255175799999961e+04
3.720000000000000000e+02 -1.379298925799999961e+04
3.780000000000000000e+02 -1.421483203099999992e+04
3.840000000000000000e+02 -1.405625585900000078e+04
3.900000000000000000e+02 -1.386527636700000039e+04
3.960000000000000000e+02 -1.408366992199999913e+04
4.020000000000000000e+02 -1.376353125000000000e+04
4.080000000000000000e+02 -1.398641015599999992e+04
4.140000000000000000e+02 -1.371675976599999922e+04
4.200000000000000000e+02 -1.376053808600000048e+04
4.260000000000000000e+02 -1.375298828099999992e+04
4.320000000000000000e+02 -1.376424023400000078e+04
4.380000000000000000e+02 -1.381684765599999992e+04
4.440000000000000000e+02 -1.398273339800000031e+04
4.500000000000000000e+02 -1.384991992199999913e+04
4.560000000000000000e+02 -1.394000878899999952e+04
4.620000000000000000e+02 -1.413601953099999992e+04
4.680000000000000000e+02 -1.413509081999999944e+04
4.740000000000000000e+02 -1.449745703099999992e+04
4.800000000000000000e+02 -1.439134765599999992e+04
4.860000000000000000e+02 -1.457052246100000048e+04
4.920000000000000000e+02 -1.486825000000000000e+04
4.980000000000000000e+02 -1.483344531199999983e+04
5.040000000000000000e+02 -1.470754980500000056e+04
5.100000000000000000e+02 -1.490890039099999922e+04
5.160000000000000000e+02 -1.478256445300000087e+04
5.220000000000000000e+02 -1.502941503899999952e+04
5.280000000000000000e+02 -1.508684765599999992e+04
5.340000000000000000e+02 -1.492653808600000048e+04
5.400000000000000000e+02 -1.501478515599999992e+04
5.460000000000000000e+02 -1.481076953099999992e+04
5.520000000000000000e+02 -1.475931445300000087e+04
5.580000000000000000e+02 -1.503379785199999969e+04
5.640000000000000000e+02 -1.484460742199999913e+04
5.700000000000000000e+02 -1.483942382800000087e+04
5.760000000000000000e+02 -1.491629882800000087e+04
5.820000000000000000e+02 -1.501472460900000078e+04
5.880000000000000000e+02 -1.503011425799999961e+04
5.940000000000000000e+02 -1.495066992199999913e+04
6.000000000000000000e+02 -1.500317968800000017e+04
6.060000000000000000e+02 -1.503598437500000000e+04
6.120000000000000000e+02 -1.496007421900000008e+04
6.180000000000000000e+02 -1.490642773400000078e+04
6.240000000000000000e+02 -1.506577831999999944e+04
6.300000000000000000e+02 -1.503139550799999961e+04
6.360000000000000000e+02 -1.516341601599999922e+04
