# Frame count, minimum, maximum and average direction angle, %d %.6f %.6f %.6f
1 0.273419 0.649985 0.447901
2 0.296925 0.639314 0.458439
3 0.297421 0.698880 0.466401
4 0.233403 0.706280 0.478036
5 0.276327 0.745419 0.488662
6 0.227604 0.765097 0.492462
7 0.260154 0.851966 0.502605
8 0.297422 0.808650 0.509159
9 0.221048 0.766077 0.516559
10 0.217111 0.853712 0.526291
11 0.230487 0.864115 0.532915
12 0.240600 0.883813 0.542603
13 0.199516 0.973395 0.550858
14 0.168139 1.131144 0.560361
15 0.041934 3.101614 0.702823
16 0.164007 2.822099 0.716845
17 0.195281 2.823256 0.739565
18 0.235545 3.000714 0.754366
19 0.229462 2.973454 0.758713
20 0.333244 3.038023 0.778503
21 0.250124 2.934673 0.786535
22 0.302885 2.895732 0.791458
23 0.309570 2.828067 0.802589
24 0.296925 2.904501 0.817447
25 0.311604 2.846926 0.822873
26 0.335324 2.756988 0.821504
27 0.423868 2.861814 0.835524
28 0.377249 2.694945 0.841283
29 0.360456 2.747077 0.853151
30 0.338657 2.942078 0.863411
31 0.328554 2.733808 0.873303
32 0.333114 2.916388 0.878675
33 0.297421 3.028287 0.877754
34 0.098223 2.592033 0.928464
35 0.381164 2.808348 0.968618
36 0.289432 2.797867 0.981161
37 0.217479 2.878195 0.987184
38 0.195281 2.876599 0.994125
39 0.211093 2.936951 1.013208
40 0.202943 3.141593 1.036392
41 0.349368 2.985725 1.042016
42 0.424094 2.954042 1.036532
43 0.362884 2.898384 1.020635
44 0.410558 2.967125 1.025772
45 0.321751 2.981115 1.040172
46 0.274382 2.957392 1.039156
47 0.215251 2.832160 1.035455
48 0.237943 2.575147 1.041845
49 0.244077 2.909226 1.051522
50 0.250916 3.006394 1.042014
51 0.351220 2.697174 1.028281
52 0.319494 2.964631 1.036212
53 0.246720 2.929727 1.039786
54 0.231091 2.836789 1.035092
55 0.237091 2.984063 1.007977
56 0.274820 2.981325 0.990654
57 0.334585 3.076468 0.986094
58 0.413037 2.983660 0.985116
59 0.359204 2.980458 0.970610
60 0.383177 2.956908 0.973929
61 0.354582 3.116237 0.987333
62 0.437295 3.103548 0.995056
63 0.416439 2.902701 0.999751
64 0.337878 2.922525 1.007010
65 0.387724 2.985176 1.016814
66 0.267178 2.997718 1.016085
67 0.422069 3.032439 1.020959
68 0.387725 3.123480 0.977349
69 0.266564 2.902613 0.960132
70 0.407705 3.011890 0.970555
71 0.499625 2.965499 0.976263
72 0.349079 2.929449 0.977313
73 0.418949 3.051905 0.990994
74 0.436191 3.034595 0.998853
75 0.335801 2.934851 1.005936
76 0.356620 2.970488 1.003239
77 0.053141 2.723003 0.869098
78 0.152381 3.141593 0.886612
79 0.033950 3.096169 0.840634
80 0.055499 2.894946 0.825153
81 0.088421 2.949062 0.800127
82 0.052192 1.948508 0.760796
83 0.057080 3.123609 0.738570
84 0.032248 3.099364 0.710430
85 0.010524 3.141593 0.736345
86 0.025356 2.792821 0.715247
87 0.087051 3.098607 0.719082
88 0.024817 2.576290 0.708409
89 0.070803 2.559159 0.708939
90 0.042678 2.508626 0.701911
91 0.043768 3.093835 0.711695
92 0.052219 3.038258 0.714347
93 0.064977 2.579670 0.712357
94 0.007143 2.579169 0.709008
95 0.035320 3.123414 0.726991
96 0.032246 3.092680 0.709073
97 0.014600 2.570961 0.707405
98 0.044416 3.087494 0.709808
99 0.010714 2.553590 0.691723
100 0.031457 3.097012 0.697411
101 0.114480 3.130723 0.701390
102 0.007251 2.187363 0.696167
103 0.003621 3.065926 0.691304
104 0.032598 3.034987 0.710617
105 0.063743 3.074529 0.708228
106 0.006897 3.120244 0.710252
107 0.017239 2.252175 0.694437
