0.000000000000000000e+00 5.021589999999999776e+00
1.000000000000000000e+01 5.121590000000000309e+00
2.000000000000000000e+01 5.221589999999999954e+00
3.000000000000000000e+01 5.321589999999999598e+00
4.000000000000000000e+01 5.421590000000000131e+00
5.000000000000000000e+01 5.521589999999999776e+00
6.000000000000000000e+01 5.621590000000000309e+00
7.000000000000000000e+01 5.721589999999999954e+00
8.000000000000000000e+01 5.821589999999999598e+00
9.000000000000000000e+01 5.921590000000000131e+00
1.000000000000000000e+02 6.021589999999999776e+00
1.100000000000000000e+02 6.121590000000000309e+00
1.200000000000000000e+02 6.221589999999999954e+00
1.300000000000000000e+02 6.321589999999999598e+00
1.400000000000000000e+02 6.421590000000000131e+00
1.500000000000000000e+02 6.521589999999999776e+00
1.600000000000000000e+02 6.621590000000000309e+00
1.700000000000000000e+02 6.721589999999999954e+00
1.800000000000000000e+02 6.821589999999999598e+00
1.900000000000000000e+02 6.921590000000000131e+00
2.000000000000000000e+02 7.021589999999999776e+00
2.100000000000000000e+02 7.121590000000000309e+00
2.200000000000000000e+02 7.221589999999999954e+00
2.300000000000000000e+02 7.321589999999999598e+00
2.400000000000000000e+02 7.421590000000000131e+00
2.500000000000000000e+02 7.521589999999999776e+00
2.600000000000000000e+02 7.621590000000000309e+00
2.700000000000000000e+02 7.721589999999999954e+00
2.800000000000000000e+02 7.821589999999999598e+00
2.900000000000000000e+02 7.921590000000000131e+00
3.000000000000000000e+02 8.021589999999999776e+00
3.100000000000000000e+02 8.121591000000000449e+00
3.200000000000000000e+02 8.221590000000000842e+00
3.300000000000000000e+02 8.321590000000000487e+00
3.400000000000000000e+02 8.421590000000000131e+00
3.500000000000000000e+02 8.521589999999999776e+00
3.600000000000000000e+02 8.621591000000000449e+00
3.700000000000000000e+02 8.721590000000000842e+00
3.800000000000000000e+02 8.821590000000000487e+00
3.900000000000000000e+02 8.921590000000000131e+00
4.000000000000000000e+02 9.021589999999999776e+00
