0.000000000000000000e+00 2.094000000000000000e+03 6.509000000000000000e+03
1.000000000000000000e+01 2.079000000000000000e+03 6.385000000000000000e+03
2.000000000000000000e+01 1.988000000000000000e+03 6.131000000000000000e+03
3.000000000000000000e+01 1.951000000000000000e+03 6.097000000000000000e+03
4.000000000000000000e+01 1.931000000000000000e+03 6.206000000000000000e+03
5.000000000000000000e+01 1.963000000000000000e+03 6.180000000000000000e+03
6.000000000000000000e+01 1.960000000000000000e+03 6.248000000000000000e+03
7.000000000000000000e+01 1.974000000000000000e+03 6.190000000000000000e+03
8.000000000000000000e+01 1.960000000000000000e+03 6.196000000000000000e+03
9.000000000000000000e+01 1.956000000000000000e+03 6.252000000000000000e+03
1.000000000000000000e+02 1.954000000000000000e+03 6.196000000000000000e+03
1.100000000000000000e+02 1.944000000000000000e+03 6.202000000000000000e+03
1.200000000000000000e+02 1.945000000000000000e+03 6.223000000000000000e+03
1.300000000000000000e+02 1.962000000000000000e+03 6.218000000000000000e+03
1.400000000000000000e+02 1.954000000000000000e+03 6.144000000000000000e+03
1.500000000000000000e+02 1.955000000000000000e+03 6.199000000000000000e+03
1.600000000000000000e+02 1.956000000000000000e+03 6.188000000000000000e+03
1.700000000000000000e+02 1.951000000000000000e+03 6.156000000000000000e+03
1.800000000000000000e+02 1.974000000000000000e+03 6.139000000000000000e+03
1.900000000000000000e+02 1.960000000000000000e+03 6.097000000000000000e+03
2.000000000000000000e+02 1.960000000000000000e+03 6.199000000000000000e+03
2.100000000000000000e+02 1.951000000000000000e+03 6.146000000000000000e+03
2.200000000000000000e+02 1.952000000000000000e+03 6.214000000000000000e+03
2.300000000000000000e+02 1.956000000000000000e+03 6.141000000000000000e+03
2.400000000000000000e+02 1.936000000000000000e+03 6.131000000000000000e+03
2.500000000000000000e+02 1.962000000000000000e+03 6.160000000000000000e+03
2.600000000000000000e+02 1.925000000000000000e+03 6.178000000000000000e+03
2.700000000000000000e+02 1.939000000000000000e+03 6.211000000000000000e+03
2.800000000000000000e+02 1.942000000000000000e+03 6.174000000000000000e+03
2.900000000000000000e+02 1.944000000000000000e+03 6.178000000000000000e+03
3.000000000000000000e+02 1.966000000000000000e+03 6.179000000000000000e+03
3.100000000000000000e+02 1.944000000000000000e+03 6.183000000000000000e+03
3.200000000000000000e+02 1.944000000000000000e+03 6.161000000000000000e+03
3.300000000000000000e+02 1.948000000000000000e+03 6.177000000000000000e+03
3.400000000000000000e+02 1.950000000000000000e+03 6.187000000000000000e+03
3.500000000000000000e+02 1.971000000000000000e+03 6.144000000000000000e+03
3.600000000000000000e+02 1.940000000000000000e+03 6.208000000000000000e+03
3.700000000000000000e+02 1.930000000000000000e+03 6.155000000000000000e+03
3.800000000000000000e+02 1.934000000000000000e+03 6.202000000000000000e+03
3.900000000000000000e+02 1.942000000000000000e+03 6.216000000000000000e+03
4.000000000000000000e+02 1.929000000000000000e+03 6.176000000000000000e+03
