0.000000000000000000e+00 7.812370000000000425e-02
1.000000000000000000e+01 9.923289999999999889e-02
2.000000000000000000e+01 1.011351999999999945e-01
3.000000000000000000e+01 1.025775000000000020e-01
4.000000000000000000e+01 1.042407000000000056e-01
5.000000000000000000e+01 1.042325999999999947e-01
6.000000000000000000e+01 1.055461000000000038e-01
7.000000000000000000e+01 1.074066000000000048e-01
8.000000000000000000e+01 1.073975000000000068e-01
9.000000000000000000e+01 1.078704999999999942e-01
1.000000000000000000e+02 1.077599000000000057e-01
