0.000000e+00 4.184800000000000325e-02
1.000000e+01 5.687119999999999675e-02
2.000000e+01 5.782930000000000015e-02
3.000000e+01 5.917750000000000093e-02
4.000000e+01 5.941250000000000003e-02
5.000000e+01 5.971309999999999812e-02
6.000000e+01 5.986380000000000173e-02
7.000000e+01 5.992100000000000204e-02
8.000000e+01 5.995280000000000054e-02
9.000000e+01 6.032060000000000199e-02
1.000000e+02 6.019089999999999857e-02
1.100000e+02 7.438190000000000079e-02
1.200000e+02 7.554289999999999616e-02
1.300000e+02 7.676080000000000403e-02
1.400000e+02 7.722610000000000585e-02
1.500000e+02 7.840229999999999422e-02
1.600000e+02 7.698480000000000600e-02
1.700000e+02 7.720090000000000285e-02
1.800000e+02 7.737020000000000008e-02
1.900000e+02 7.805689999999999851e-02
2.000000e+02 7.812370000000000425e-02
2.100000e+02 9.923289999999999889e-02
2.200000e+02 1.011351999999999945e-01
2.300000e+02 1.025775000000000020e-01
2.400000e+02 1.042407000000000056e-01
2.500000e+02 1.042325999999999947e-01
2.600000e+02 1.055461000000000038e-01
2.700000e+02 1.074066000000000048e-01
2.800000e+02 1.073975000000000068e-01
2.900000e+02 1.078704999999999942e-01
3.000000e+02 1.077599000000000057e-01
3.100000e+02 2.325752000000000097e-01
3.200000e+02 2.486825000000000008e-01
3.300000e+02 2.405916999999999917e-01
3.400000e+02 2.421983000000000052e-01
3.500000e+02 2.384176000000000073e-01
3.600000e+02 2.371292000000000122e-01
3.700000e+02 2.389408000000000087e-01
3.800000e+02 2.362945999999999935e-01
3.900000e+02 2.378070999999999935e-01
4.000000e+02 2.357984999999999942e-01
4.100000e+02 2.357425999999999966e-01
4.200000e+02 2.386832000000000120e-01
4.300000e+02 2.380313000000000012e-01
4.400000e+02 2.422944999999999960e-01
4.500000e+02 2.369425000000000003e-01
4.600000e+02 2.377424999999999955e-01
4.700000e+02 2.367345999999999895e-01
4.800000e+02 2.465189999999999881e-01
4.900000e+02 2.350080999999999976e-01
5.000000e+02 2.424615999999999993e-01
