0.000000000000000000e+00 1.077599000000000057e-01
1.000000000000000000e+01 2.325752000000000097e-01
2.000000000000000000e+01 2.486825000000000008e-01
3.000000000000000000e+01 2.405916999999999917e-01
4.000000000000000000e+01 2.421983000000000052e-01
5.000000000000000000e+01 2.384176000000000073e-01
6.000000000000000000e+01 2.371292000000000122e-01
7.000000000000000000e+01 2.389408000000000087e-01
8.000000000000000000e+01 2.362945999999999935e-01
9.000000000000000000e+01 2.378070999999999935e-01
1.000000000000000000e+02 2.357984999999999942e-01
1.100000000000000000e+02 2.357425999999999966e-01
1.200000000000000000e+02 2.386832000000000120e-01
1.300000000000000000e+02 2.380313000000000012e-01
1.400000000000000000e+02 2.422944999999999960e-01
1.500000000000000000e+02 2.369425000000000003e-01
1.600000000000000000e+02 2.377424999999999955e-01
1.700000000000000000e+02 2.367345999999999895e-01
1.800000000000000000e+02 2.465189999999999881e-01
1.900000000000000000e+02 2.350080999999999976e-01
2.000000000000000000e+02 2.424615999999999993e-01
