0.000000000000000000e+00 6.019089999999999857e-02
1.000000000000000000e+01 7.438190000000000079e-02
2.000000000000000000e+01 7.554289999999999616e-02
3.000000000000000000e+01 7.676080000000000403e-02
4.000000000000000000e+01 7.722610000000000585e-02
5.000000000000000000e+01 7.840229999999999422e-02
6.000000000000000000e+01 7.698480000000000600e-02
7.000000000000000000e+01 7.720090000000000285e-02
8.000000000000000000e+01 7.737020000000000008e-02
9.000000000000000000e+01 7.805689999999999851e-02
1.000000000000000000e+02 7.812389999999999612e-02
