0.000000000000000000e+00 4.184800000000000325e-02
1.000000000000000000e+01 5.687119999999999675e-02
2.000000000000000000e+01 5.782930000000000015e-02
3.000000000000000000e+01 5.917750000000000093e-02
4.000000000000000000e+01 5.941250000000000003e-02
5.000000000000000000e+01 5.971309999999999812e-02
6.000000000000000000e+01 5.986380000000000173e-02
7.000000000000000000e+01 5.992100000000000204e-02
8.000000000000000000e+01 5.995280000000000054e-02
9.000000000000000000e+01 6.032060000000000199e-02
1.000000000000000000e+02 6.019109999999999738e-02
