0.000000000000000000e+00 0.000000000000000000e+00
1.000000000000000000e+01 0.000000000000000000e+00
2.000000000000000000e+01 7.693168084212452344e-03
3.000000000000000000e+01 2.854904875945646001e-02
4.000000000000000000e+01 5.061133070136463602e-02
5.000000000000000000e+01 6.059362866940538883e-02
6.000000000000000000e+01 6.744037950347051003e-02
7.000000000000000000e+01 7.603777665506990247e-02
8.000000000000000000e+01 7.814221346027835913e-02
9.000000000000000000e+01 8.509438883235498352e-02
1.000000000000000000e+02 8.729249792280244225e-02
1.100000000000000000e+02 9.025089112213441345e-02
1.200000000000000000e+02 9.236966445886640731e-02
1.300000000000000000e+02 9.396025600191684757e-02
1.400000000000000000e+02 9.614967511667929512e-02
1.500000000000000000e+02 9.619615299403820596e-02
1.600000000000000000e+02 9.529469664621477432e-02
1.700000000000000000e+02 9.809442346613965469e-02
1.800000000000000000e+02 9.964983674858604590e-02
1.900000000000000000e+02 9.763915486861045323e-02
2.000000000000000000e+02 9.816394010495989308e-02
2.100000000000000000e+02 9.884008073140158890e-02
2.200000000000000000e+02 9.935604885720106250e-02
2.300000000000000000e+02 9.773114548180933392e-02
2.400000000000000000e+02 9.969255866800467991e-02
2.500000000000000000e+02 1.003032566763380345e-01
2.600000000000000000e+02 1.003329028971233494e-01
2.700000000000000000e+02 9.974503722526111005e-02
2.800000000000000000e+02 9.901995315029681055e-02
2.900000000000000000e+02 9.856693451542883344e-02
3.000000000000000000e+02 9.809547537997571898e-02
3.100000000000000000e+02 9.831000468311143492e-02
3.200000000000000000e+02 9.870626360516519815e-02
3.300000000000000000e+02 9.898657707376268267e-02
3.400000000000000000e+02 1.004188758901400635e-01
3.500000000000000000e+02 1.014418094470415227e-01
3.600000000000000000e+02 1.001658106138366283e-01
3.700000000000000000e+02 9.948626909522542694e-02
3.800000000000000000e+02 9.971479892985900262e-02
3.900000000000000000e+02 1.025251378515180667e-01
4.000000000000000000e+02 1.030216595616072345e-01
