0.000000000000000000e+00 1.165605240000000022e-02
1.000000000000000000e+01 7.609826659999999743e-01
2.000000000000000000e+01 1.245261816399999999e+00
3.000000000000000000e+01 8.186832520000000279e-01
4.000000000000000000e+01 3.074474365000000042e-01
5.000000000000000000e+01 4.969785644999999974e-01
6.000000000000000000e+01 3.126367800000000308e-02
7.000000000000000000e+01 3.029966796999999934e-01
8.000000000000000000e+01 1.211073975000000053e-01
9.000000000000000000e+01 1.317395630000000040e-01
1.000000000000000000e+02 1.287495605000000265e-01
1.100000000000000000e+02 7.569927980000000500e-02
1.200000000000000000e+02 1.272606078999999890e-01
1.300000000000000000e+02 7.538764650000000234e-02
1.400000000000000000e+02 -9.197845459999999529e-02
1.500000000000000000e+02 5.360119630000000773e-02
1.600000000000000000e+02 1.635437500000000155e-01
1.700000000000000000e+02 -6.349421389999999887e-02
1.800000000000000000e+02 2.184793850000000051e-02
1.900000000000000000e+02 1.559060670000000232e-02
2.000000000000000000e+02 9.670635380000000558e-02
2.100000000000000000e+02 -8.942851560000000810e-02
2.200000000000000000e+02 9.394916379999999900e-02
2.300000000000000000e+02 6.818154299999999723e-02
2.400000000000000000e+02 2.080729980000000159e-02
2.500000000000000000e+02 -1.608246310000000304e-02
2.600000000000000000e+02 -4.057192380000000653e-02
2.700000000000000000e+02 -2.568721310000000521e-02
2.800000000000000000e+02 -3.415768739999999748e-02
2.900000000000000000e+02 -7.304530300000000587e-03
3.000000000000000000e+02 2.466992030000000197e-02
3.100000000000000000e+02 6.823026299999999933e-03
3.200000000000000000e+02 4.996255489999999744e-02
3.300000000000000000e+02 9.404244999999999965e-02
3.400000000000000000e+02 -5.625724490000000300e-02
3.500000000000000000e+02 -4.496094970000000246e-02
3.600000000000000000e+02 -5.849511720000000886e-02
3.700000000000000000e+02 1.121418457000000063e-01
3.800000000000000000e+02 6.772734990000001121e-02
3.900000000000000000e+02 -2.609550780000000417e-02
4.000000000000000000e+02 -3.837317200000000400e-02
