0.000000000000000000e+00 -2.971228515600000173e+04
1.000000000000000000e+01 -3.111273828100000173e+04
2.000000000000000000e+01 -3.116808203100000173e+04
3.000000000000000000e+01 -2.968966601599999922e+04
4.000000000000000000e+01 -2.845775390600000173e+04
5.000000000000000000e+01 -2.843167773400000078e+04
6.000000000000000000e+01 -2.809636914099999922e+04
7.000000000000000000e+01 -2.829455859399999827e+04
8.000000000000000000e+01 -2.812275390600000173e+04
9.000000000000000000e+01 -2.775529296899999827e+04
1.000000000000000000e+02 -2.770239062500000000e+04
1.100000000000000000e+02 -2.773112695299999905e+04
1.200000000000000000e+02 -2.771925195299999905e+04
1.300000000000000000e+02 -2.735374218800000017e+04
1.400000000000000000e+02 -2.744834179700000095e+04
1.500000000000000000e+02 -2.758949023400000078e+04
1.600000000000000000e+02 -2.754642968800000017e+04
1.700000000000000000e+02 -2.740160546899999827e+04
1.800000000000000000e+02 -2.753506250000000000e+04
1.900000000000000000e+02 -2.779392187500000000e+04
2.000000000000000000e+02 -2.762951562500000000e+04
2.100000000000000000e+02 -2.744172851599999922e+04
2.200000000000000000e+02 -2.746794921899999827e+04
2.300000000000000000e+02 -2.752027539099999922e+04
2.400000000000000000e+02 -2.732588281199999983e+04
2.500000000000000000e+02 -2.750707812500000000e+04
2.600000000000000000e+02 -2.765342578100000173e+04
2.700000000000000000e+02 -2.748662695299999905e+04
2.800000000000000000e+02 -2.724745898400000078e+04
2.900000000000000000e+02 -2.740339062500000000e+04
3.000000000000000000e+02 -2.737776562500000000e+04
3.100000000000000000e+02 -2.744807617200000095e+04
3.200000000000000000e+02 -2.733768750000000000e+04
3.300000000000000000e+02 -2.739642187500000000e+04
3.400000000000000000e+02 -2.757388281199999983e+04
3.500000000000000000e+02 -2.741557031199999983e+04
3.600000000000000000e+02 -2.781055664099999922e+04
3.700000000000000000e+02 -2.759378320299999905e+04
3.800000000000000000e+02 -2.766177734399999827e+04
3.900000000000000000e+02 -2.753794531199999983e+04
4.000000000000000000e+02 -2.750925976599999922e+04
