# Frame count, minimum, maximum and average direction angle, %d %.6f %.6f %.6f
1 1.133956 1.778472 1.476129
2 1.170556 1.779924 1.477437
3 1.190290 1.802709 1.481102
4 1.107149 1.857846 1.483382
5 0.722509 1.967771 1.487075
6 0.700333 1.906764 1.493094
7 0.839609 1.713208 1.424913
8 0.615917 1.730474 1.408057
9 0.639904 1.701716 1.409580
10 0.618952 1.824874 1.397607
11 0.709378 1.765276 1.415897
12 0.878329 1.770312 1.426385
13 0.813524 1.839249 1.447706
14 0.848926 1.727587 1.449691
15 0.812960 1.789839 1.452805
16 0.754639 1.820176 1.448520
17 0.730453 1.882400 1.456574
18 0.785398 1.823461 1.451709
19 0.856706 1.798963 1.447101
20 0.775348 1.818359 1.436928
21 0.828410 1.779717 1.434581
22 0.718168 1.834853 1.440222
23 0.747633 1.788709 1.439782
24 0.778099 1.778293 1.443762
25 0.748956 1.830267 1.440916
26 0.760278 1.884417 1.445354
27 0.823743 1.792772 1.448420
28 0.871480 1.777366 1.445130
29 0.725470 1.819182 1.448125
30 0.780348 1.686475 1.444727
31 0.828193 1.735373 1.445750
32 0.742168 1.798706 1.444767
33 0.686222 1.819284 1.456892
34 0.696122 1.781890 1.451207
35 0.825985 1.787958 1.455822
36 0.695665 1.768881 1.447890
37 0.750237 1.840571 1.448575
38 0.898833 1.813089 1.449031
39 0.711740 1.780138 1.441683
40 0.745815 1.772477 1.441203
41 0.682140 1.735945 1.443543
