0.000000000000000000e+00 -2.597487656250000000e+05
1.000000000000000000e+01 -2.569299062500000000e+05
2.000000000000000000e+01 -2.546423437500000000e+05
3.000000000000000000e+01 -2.550176875000000000e+05
4.000000000000000000e+01 -2.558352187500000000e+05
5.000000000000000000e+01 -2.559726250000000000e+05
6.000000000000000000e+01 -2.579262656250000000e+05
7.000000000000000000e+01 -2.580002500000000000e+05
8.000000000000000000e+01 -2.571666406250000000e+05
9.000000000000000000e+01 -2.576614531250000000e+05
1.000000000000000000e+02 -2.575983750000000000e+05
1.100000000000000000e+02 -2.573105781250000000e+05
1.200000000000000000e+02 -2.567488125000000000e+05
1.300000000000000000e+02 -2.572090937500000000e+05
1.400000000000000000e+02 -2.576846562500000000e+05
1.500000000000000000e+02 -2.578794375000000000e+05
1.600000000000000000e+02 -2.571195468750000000e+05
1.700000000000000000e+02 -2.578595000000000000e+05
1.800000000000000000e+02 -2.576472500000000000e+05
1.900000000000000000e+02 -2.575853125000000000e+05
2.000000000000000000e+02 -2.575670156250000000e+05
2.100000000000000000e+02 -2.580314687500000000e+05
2.200000000000000000e+02 -2.577172812500000000e+05
2.300000000000000000e+02 -2.577977187500000000e+05
2.400000000000000000e+02 -2.581414375000000000e+05
2.500000000000000000e+02 -2.579624531250000000e+05
2.600000000000000000e+02 -2.574748750000000000e+05
2.700000000000000000e+02 -2.573051250000000000e+05
2.800000000000000000e+02 -2.582117968750000000e+05
2.900000000000000000e+02 -2.575880781250000000e+05
3.000000000000000000e+02 -2.580946875000000000e+05
3.100000000000000000e+02 -2.582563437500000000e+05
3.200000000000000000e+02 -2.572997031250000000e+05
3.300000000000000000e+02 -2.576167656250000000e+05
3.400000000000000000e+02 -2.575607968750000000e+05
3.500000000000000000e+02 -2.581666093750000000e+05
3.600000000000000000e+02 -2.582859062500000000e+05
3.700000000000000000e+02 -2.576916093750000000e+05
3.800000000000000000e+02 -2.582276875000000000e+05
3.900000000000000000e+02 -2.577608750000000000e+05
4.000000000000000000e+02 -2.578992656250000000e+05
